Timestamp,Stylus Position X,Stylus Position Y,Stylus Position Z,Unity Stylus Position X,Unity Stylus Position Y,Unity Stylus Position Z,Joint angle 0,Joint angle 1,Joint angle 2,Gimbal angle 0,Gimbal angle 1,Gimbal angle 2,Is Assisting,
638609675258040432,6.20539331436157,35.7177543640137,-0.749024510383606,0.006371751,0.03836604,-5.022799E-07,0.0370079018175602,0.962126791477203,0.755887746810913,0.0192839484661818,0.794716417789459,2.5734658241272,False
638609675259344858,0.962849378585815,31.542387008667,-1.09713172912598,0.001100397,0.03154239,-0.00109798,0.00575678423047066,0.940909385681152,0.727771162986755,0.051243182271719,0.795994758605957,2.57218742370605,False
638609675259493759,0.620377123355865,31.5949783325195,-0.717061400413513,0.000689127,0.03162709,-0.0007612532,0.0037007899954915,0.939277291297913,0.729808628559113,0.0563566610217094,0.792159676551819,2.57602262496948,False
638609675259703015,0.62088930606842,31.3617172241211,-0.578671216964722,0.000620727,0.03139392,-0.0006225282,0.0037007899954915,0.937237143516541,0.728993654251099,0.0601917691528797,0.792159676551819,2.57602262496948,False
638609675260042077,0.89690774679184,31.0880756378174,-0.566851913928986,0.0008971247,0.03112422,-0.000526273,0.00534558575600386,0.935605049133301,0.727363705635071,0.0704187229275703,0.792159676551819,2.57602262496948,False
638609675260371125,0.895169496536255,30.7995681762695,-0.892013311386108,0.0008953871,0.03083557,-0.0008513168,0.00534558575600386,0.935605049133301,0.724103808403015,0.0780889391899109,0.792159676551819,2.57602262496948,False
638609675260701324,0.963359415531158,30.5551872253418,-1.00852954387665,0.0009635942,0.03059111,-0.0009677598,0.00575678423047066,0.934789001941681,0.722066342830658,0.0870375260710716,0.790881276130676,2.57730102539063,False
638609675261033273,1.23864436149597,30.4187183380127,-1.00440835952759,0.001238644,0.03041872,-0.001004408,0.00740157999098301,0.933972954750061,0.721251368522644,0.093429371714592,0.789602935314178,2.57857942581177,False
638609675261363128,1.65114009380341,30.3146266937256,-1.04587638378143,0.001582345,0.03031463,-0.001045212,0.00986877363175154,0.933564901351929,0.72043639421463,0.097264476120472,0.789602935314178,2.57985782623291,False
638609675261702001,2.20210528373718,30.2140064239502,-1.00562298297882,0.002132736,0.03024641,-0.00104844,0.0131583642214537,0.932748854160309,0.720028936862946,0.101099587976933,0.788324534893036,2.57857942581177,False
638609675262039919,2.89025211334229,30.1457653045654,-1.01325225830078,0.002752634,0.03014577,-0.001010932,0.017270352691412,0.932340800762177,0.719621419906616,0.102377958595753,0.789602935314178,2.57985782623291,False
638609675262369619,3.44160318374634,30.1133308410645,-0.979988813400269,0.003372781,0.03011333,-0.0009785878,0.0205599442124367,0.931932806968689,0.719621419906616,0.103656321763992,0.789602935314178,2.57857942581177,False
638609675262709561,3.64806747436523,30.1133308410645,-0.984361708164215,0.003648068,0.03011333,-0.0009843617,0.0217935405671597,0.931932806968689,0.719621419906616,0.104934692382813,0.789602935314178,2.57857942581177,False
638609675263040160,3.64812850952148,30.0450706481934,-0.981562495231628,0.003648129,0.03004507,-0.0009815625,0.0217935405671597,0.931524753570557,0.719213962554932,0.104934692382813,0.789602935314178,2.57857942581177,False
638609675263359949,3.64908003807068,30.0125999450684,-0.937913537025452,0.00364908,0.0300126,-0.0009379136,0.0217935405671597,0.931116759777069,0.719213962554932,0.104934692382813,0.789602935314178,2.57730102539063,False
638609675263697157,3.44429588317871,30.0159187316895,-0.849038422107697,0.003444296,0.03001592,-0.0008490385,0.0205599442124367,0.930708706378937,0.719621419906616,0.107491433620453,0.789602935314178,2.57857942581177,False
638609675264036992,3.03028893470764,29.9801120758057,-0.881916582584381,0.003030289,0.02998011,-0.0008819166,0.0180927515029907,0.930708706378937,0.719213962554932,0.106213063001633,0.790881276130676,2.57730102539063,False
638609675264367039,2.81545424461365,29.4836444854736,-1.36727404594421,0.002816839,0.02955484,-0.001285177,0.0168591551482677,0.930300712585449,0.713916599750519,0.104934692382813,0.790881276130676,2.57857942581177,False
638609675264695937,2.32972598075867,28.9602565765381,-1.72287845611572,0.002398836,0.02899565,-0.00168262,0.0139807621017098,0.929076611995697,0.709026753902435,0.107491433620453,0.788324534893036,2.57857942581177,False
638609675265042324,1.57369744777679,28.6804351806641,-1.95950543880463,0.001642117,0.02868044,-0.001960167,0.00945757422596216,0.928668558597565,0.706174373626709,0.111326538026333,0.787046194076538,2.58113598823547,False
638609675265391156,0.956708192825317,28.5721015930176,-2.16388535499573,0.001025044,0.0285721,-0.002164293,0.00575678423047066,0.929076611995697,0.704544425010681,0.112604908645153,0.784489452838898,2.58241438865662,False
638609675265701276,0.819413006305695,28.5343074798584,-2.28957653045654,0.0008196282,0.02850175,-0.002245984,0.00493438681587577,0.929484605789185,0.703729450702667,0.113883279263973,0.783211052417755,2.5849711894989,False
638609675266214493,0.819413006305695,28.5343074798584,-2.28957653045654,0.000819413,0.02853431,-0.002289577,0.00493438681587577,0.929484605789185,0.703729450702667,0.117718391120434,0.781932711601257,2.58369278907776,False
638609675266364002,0.819413006305695,28.5343074798584,-2.28957653045654,0.000819413,0.02853431,-0.002289577,0.00493438681587577,0.929484605789185,0.703729450702667,0.118996754288673,0.781932711601257,2.5849711894989,False
638609675266713545,0.819628119468689,28.5017471313477,-2.24598383903503,0.0008196282,0.02850175,-0.002245984,0.00493438681587577,0.929076611995697,0.703729450702667,0.121553495526314,0.781932711601257,2.5849711894989,False
638609675267043144,0.957686364650726,28.5773506164551,-1.99396920204163,0.0009574482,0.02854213,-0.002035348,0.00575678423047066,0.928260564804077,0.705359399318695,0.122831866145134,0.783211052417755,2.58369278907776,False
638609675267362075,1.71701657772064,28.8707389831543,-1.33047640323639,0.00157888,0.02879992,-0.001411545,0.0102799721062183,0.926628470420837,0.710249245166779,0.124110236763954,0.783211052417755,2.5849711894989,False
638609675267690981,3.37997317314148,29.6480007171631,-0.621653378009796,0.003102671,0.02943976,-0.0006930215,0.0201487448066473,0.927444517612457,0.718398988246918,0.125388607382774,0.787046194076538,2.58241438865662,False
638609675268040453,10.056547164917,33.2719078063965,0.116638168692589,0.009417599,0.03294565,-0.0001227809,0.0596238374710083,0.942949533462524,0.745293080806732,0.135615557432175,0.790881276130676,2.57602262496948,False
638609675268359552,21.9081954956055,38.5441932678223,3.14450120925903,0.01952376,0.03742446,0.002316344,0.127060458064079,0.949885964393616,0.79622894525528,0.194420546293259,0.794716417789459,2.55940389633179,False
638609675268708350,31.8349475860596,39.5137634277344,6.08521509170532,0.03159638,0.03961118,0.005995476,0.180516317486763,0.930708706378937,0.821900606155396,0.317144006490707,0.80238664150238,2.40727782249451,False
638609675269038114,24.7726726531982,39.881519317627,1.11539256572723,0.0260091,0.03964856,0.002216142,0.14515320956707,0.965799033641815,0.797451376914978,0.425805389881134,0.810056805610657,2.35102963447571,False
638609675269367033,13.6052007675171,44.353099822998,-10.4305229187012,0.01432318,0.04464974,-0.008995001,0.0859405696392059,1.05964517593384,0.774632155895233,0.461599737405777,0.804943382740021,2.41878318786621,False
638609675269705375,12.4615688323975,47.9875907897949,-14.0652656555176,0.0123408,0.04806452,-0.01397855,0.0805949792265892,1.10044777393341,0.786041736602783,0.442424207925797,0.776819229125977,2.52233099937439,False
638609675270016995,16.0693874359131,49.340950012207,-14.4437942504883,0.01585889,0.04921013,-0.014624,0.104033321142197,1.10820031166077,0.795413970947266,0.410464972257614,0.771705746650696,2.54406332969666,False
638609675270366255,16.1425800323486,49.4310760498047,-13.1248245239258,0.01591138,0.0496274,-0.01349149,0.103622123599052,1.10126388072968,0.800711274147034,0.398959636688232,0.770427405834198,2.5453417301178,False
638609675270702772,17.7889137268066,48.6648406982422,-11.1314430236816,0.01776727,0.04876631,-0.01132276,0.112668499350548,1.08494281768799,0.803156197071075,0.404073119163513,0.770427405834198,2.50954747200012,False
638609675271043065,18.7761745452881,46.409294128418,-8.29978179931641,0.01847258,0.04672734,-0.008617764,0.116780482232571,1.05638086795807,0.798673868179321,0.411743342876434,0.770427405834198,2.48270177841187,False
638609675271371954,19.2992687225342,42.4540328979492,-5.57628393173218,0.0191976,0.04313004,-0.005862334,0.118014082312584,1.01965856552124,0.783189356327057,0.415578454732895,0.772984147071838,2.46736121177673,False
638609675271710805,19.6916847229004,37.6586303710938,-2.8486635684967,0.01973476,0.03811938,-0.003065995,0.118425279855728,0.97844785451889,0.763629972934723,0.418135195970535,0.772984147071838,2.46352601051331,False
638609675272050410,19.0849723815918,34.0128517150879,-1.51929616928101,0.01915256,0.03414978,-0.001535963,0.11390209197998,0.951518058776855,0.746108055114746,0.413021713495255,0.780654311180115,2.4609694480896,False
638609675272429140,16.288724899292,31.8918857574463,-1.73701143264771,0.0166433,0.03200075,-0.001650113,0.0974541381001472,0.942133486270905,0.730623602867126,0.402794748544693,0.787046194076538,2.45841264724731,False
638609675272708193,13.2715911865234,31.3377590179443,-2.3352267742157,0.01369479,0.03141377,-0.002202861,0.0797725841403008,0.943357527256012,0.723288834095001,0.388732701539993,0.787046194076538,2.46991801261902,False
638609675273047058,10.0865898132324,30.8640193939209,-2.81338047981262,0.01036141,0.03089974,-0.002789329,0.0608574375510216,0.944173574447632,0.717176496982574,0.36955714225769,0.784489452838898,2.49932050704956,False
638609675273367998,8.52784538269043,30.5651874542236,-2.58429718017578,0.008661872,0.0305972,-0.002635308,0.0513998605310917,0.941725432872772,0.715954065322876,0.355495095252991,0.779375970363617,2.53000140190125,False
638609675273704176,7.58398675918579,30.1338043212891,-2.30687093734741,0.007652263,0.03013381,-0.002310004,0.045643076300621,0.93805319070816,0.714324116706848,0.340154647827148,0.778097629547119,2.54662013053894,False
638609675274044908,6.29138040542603,30.1050224304199,-2.12400436401367,0.006426496,0.03006942,-0.002170251,0.0378302969038486,0.937237143516541,0.714731574058533,0.329927712678909,0.779375970363617,2.55301189422607,False
638609675274374237,5.4038667678833,30.2763271331787,-2.05743980407715,0.00547234,0.03020849,-0.002056811,0.0324847139418125,0.93805319070816,0.715954065322876,0.317144006490707,0.780654311180115,2.55429029464722,False
638609675274704103,4.92865419387817,30.5191745758057,-1.92560493946075,0.004995859,0.03048344,-0.001968558,0.029606319963932,0.93886923789978,0.717991471290588,0.305638670921326,0.781932711601257,2.55429029464722,False
638609675275031609,4.72334957122803,30.5191745758057,-1.9196515083313,0.00472335,0.03051918,-0.001919652,0.0283727236092091,0.93886923789978,0.717991471290588,0.297968477010727,0.783211052417755,2.55429029464722,False
638609675275370272,4.65491342544556,30.5191745758057,-1.9177234172821,0.004654914,0.03051918,-0.001917724,0.0279615242034197,0.93886923789978,0.717991471290588,0.291576623916626,0.783211052417755,2.55429029464722,False
638609675275709172,4.99708700180054,30.5191745758057,-1.92764556407928,0.00486022,0.03051918,-0.001923592,0.0300175193697214,0.93886923789978,0.717991471290588,0.290298253297806,0.783211052417755,2.55429029464722,False
638609675276025271,5.74403476715088,30.4441375732422,-2.11859774589539,0.005744035,0.03044414,-0.002118598,0.0345407053828239,0.939277291297913,0.71676903963089,0.292854994535446,0.783211052417755,2.55301189422607,False
638609675276375512,6.97779989242554,30.4477119445801,-2.08087038993835,0.006772686,0.03044771,-0.002072389,0.0419422872364521,0.93886923789978,0.717176496982574,0.303081929683685,0.780654311180115,2.55301189422607,False
638609675276704079,8.21199321746826,30.6549472808838,-2.0613009929657,0.008004887,0.03061918,-0.002092152,0.04934386536479,0.9396852850914,0.718806445598602,0.310752153396606,0.781932711601257,2.55301189422607,False
638609675277043983,9.72731685638428,31.0379619598389,-1.94788253307343,0.009588119,0.03100206,-0.001980657,0.0583902411162853,0.940909385681152,0.722066342830658,0.318422377109528,0.781932711601257,2.55173349380493,False
638609675277372471,11.5165596008301,31.3178119659424,-1.90532052516937,0.0113769,0.03128181,-0.001936508,0.0690814107656479,0.941725432872772,0.7245112657547,0.328649342060089,0.783211052417755,2.55045533180237,False
638609675277690784,12.8745355606079,31.4817485809326,-2.1406569480896,0.01274121,0.0314498,-0.002086214,0.0773053914308548,0.943357527256012,0.724918782711029,0.338876277208328,0.783211052417755,2.55045533180237,False
638609675278029859,13.6830911636353,31.7133312225342,-2.34481477737427,0.01368671,0.03168147,-0.002300858,0.0822397768497467,0.945397675037384,0.725733757019043,0.34910324215889,0.783211052417755,2.54917693138123,False
638609675278369887,14.3719863891602,31.9213886260986,-2.32854413986206,0.01430372,0.03192139,-0.002322649,0.0863517671823502,0.946213722229004,0.727363705635071,0.360608547925949,0.781932711601257,2.54917693138123,False
638609675278708764,14.5761528015137,32.0572776794434,-2.35352993011475,0.01457615,0.03205728,-0.00235353,0.0875853672623634,0.947029769420624,0.728178679943085,0.36700040102005,0.781932711601257,2.54917693138123,False
638609675279029695,14.6405267715454,32.0890502929688,-2.40353727340698,0.01464053,0.03208905,-0.002403537,0.0879965648055077,0.947437822818756,0.728178679943085,0.373392254114151,0.781932711601257,2.54789853096008,False
638609675279368569,14.4099340438843,32.1075439453125,-2.68303036689758,0.01448191,0.03207584,-0.002644915,0.0867629647254944,0.949069917201996,0.726956188678741,0.377227365970612,0.781932711601257,2.54662013053894,False
638609675279694241,13.789698600769,32.1031188964844,-2.71538853645325,0.01392591,0.03210312,-0.002726785,0.0830621793866158,0.949477910995483,0.726548731327057,0.379784107208252,0.780654311180115,2.5453417301178,False
638609675280025148,12.6739912033081,32.0177803039551,-2.96331524848938,0.01281342,0.03198615,-0.002929653,0.0764829963445663,0.950702011585236,0.7245112657547,0.382340848445892,0.779375970363617,2.54278492927551,False
638609675280354812,11.6911334991455,32.1306991577148,-3.32442784309387,0.01176845,0.03203614,-0.003196532,0.0707262083888054,0.953558206558228,0.723288834095001,0.381062477827072,0.779375970363617,2.54406332969666,False
638609675280693618,10.9961643218994,32.6920967102051,-3.52191948890686,0.01107611,0.03249936,-0.003345119,0.0666142180562019,0.958046495914459,0.725733757019043,0.379784107208252,0.778097629547119,2.54406332969666,False
638609675281022563,10.9418182373047,32.8726234436035,-3.31481170654297,0.01094182,0.03287262,-0.003314812,0.0662030205130577,0.958046495914459,0.727771162986755,0.378505736589432,0.776819229125977,2.5453417301178,False
638609675281361614,10.9496011734009,33.0486221313477,-3.19741630554199,0.01095255,0.03301734,-0.003152996,0.0662030205130577,0.958454549312592,0.729401111602783,0.378505736589432,0.776819229125977,2.5453417301178,False
638609675281690810,10.9496011734009,33.0486221313477,-3.19741630554199,0.0109496,0.03304862,-0.003197416,0.0662030205130577,0.958454549312592,0.729401111602783,0.378505736589432,0.778097629547119,2.5453417301178,False
638609675282050598,11.0824365615845,33.0798873901367,-3.25090765953064,0.01101455,0.03307989,-0.003246365,0.0670254155993462,0.958862543106079,0.729401111602783,0.379784107208252,0.778097629547119,2.5453417301178,True
638609675282369391,8.33950996398926,36.1900749206543,-4.9355993270874,0.00896379,0.03544461,-0.004610016,0.0509886629879475,0.986200332641602,0.741218209266663,0.384897589683533,0.771705746650696,2.54917693138123,True
638609675282679167,5.7195839881897,40.3693466186523,-6.67868804931641,0.005996286,0.04006591,-0.006396802,0.0353631041944027,1.01965856552124,0.760777592658997,0.381062477827072,0.770427405834198,2.55045533180237,True
638609675283036877,4.51780319213867,43.4213371276855,-6.81998062133789,0.004581167,0.04324089,-0.006929549,0.0279615242034197,1.03761172294617,0.780336976051331,0.36827877163887,0.769149005413055,2.55045533180237,True
638609675283346673,4.74026203155518,43.9904327392578,-6.03126001358032,0.004668612,0.04396886,-0.006199659,0.0291951205581427,1.03638756275177,0.787264227867126,0.360608547925949,0.771705746650696,2.54789853096008,True
638609675283685824,5.19849872589111,43.8813629150391,-4.21917915344238,0.005125455,0.04392716,-0.00439471,0.0316623151302338,1.02577888965607,0.793784022331238,0.363165289163589,0.770427405834198,2.54150676727295,True
638609675284015534,5.52000522613525,43.4908714294434,-2.68075895309448,0.005518466,0.04351956,-0.002726965,0.033307109028101,1.01517021656036,0.797451376914978,0.36955714225769,0.770427405834198,2.53511476516724,True
638609675284336949,5.53274869918823,43.5027923583984,-2.29828906059265,0.005596638,0.04352141,-0.002430763,0.033307109028101,1.01313006877899,0.799081325531006,0.370835512876511,0.778097629547119,2.52616620063782,True
638609675284750053,5.13661479949951,44.4179534912109,-1.84545660018921,0.005201555,0.04430031,-0.001960373,0.030839916318655,1.0155782699585,0.806823551654816,0.374670624732971,0.781932711601257,2.51082587242126,True
638609675284999255,4.86854839324951,44.8576698303223,-1.63841104507446,0.004935991,0.0448183,-0.001677866,0.0291951205581427,1.0168023109436,0.810490965843201,0.374670624732971,0.784489452838898,2.5005989074707,True
638609675285331873,4.68112993240356,45.3927192687988,-0.980371415615082,0.004679049,0.04531355,-0.001054786,0.0279615242034197,1.01598632335663,0.816603243350983,0.377227365970612,0.785767793655396,2.48014497756958,True
638609675285660911,4.69718933105469,45.5377159118652,-0.406186640262604,0.004694862,0.04552677,-0.0004894228,0.0279615242034197,1.01353812217712,0.819863140583038,0.379784107208252,0.790881276130676,2.45713424682617,True
638609675285998431,4.71397256851196,45.4767837524414,0.193887457251549,0.004712685,0.04550572,0.000147827,0.0279615242034197,1.00986588001251,0.821900606155396,0.386175960302353,0.792159676551819,2.43028855323792,True
638609675286357266,4.72403287887573,45.6289329528809,0.55359023809433,0.004721714,0.04561804,0.0004706738,0.0279615242034197,1.0086418390274,0.824345529079437,0.390011072158813,0.794716417789459,2.40599942207336,True
638609675286667811,4.73638153076172,45.476131439209,0.995097875595093,0.004735097,0.04550528,0.0009491678,0.0279615242034197,1.00537753105164,0.825160503387451,0.393846154212952,0.795994758605957,2.38554549217224,True
638609675287092698,5.19487476348877,44.8716735839844,2.32006192207336,0.004755112,0.04517546,0.001664774,0.0304287187755108,0.994768917560577,0.826790452003479,0.397681266069412,0.7972731590271,2.34847283363342,True
638609675287397274,5.34939956665039,44.2552185058594,2.76894211769104,0.005415444,0.04434483,0.002630361,0.0312511138617992,0.989056527614594,0.824752986431122,0.401516377925873,0.798551499843597,2.30117321014404,True
638609675287656898,5.06600475311279,44.1056632995605,2.7122745513916,0.005066005,0.04410566,0.002712275,0.029606319963932,0.988648474216461,0.823530554771423,0.405351489782333,0.79982990026474,2.26665735244751,True
638609675288000191,3.79507732391357,44.1156387329102,2.53484463691711,0.003935611,0.04411564,0.002531666,0.022204739972949,0.989872574806213,0.822715580463409,0.409186601638794,0.79982990026474,2.22830605506897,True
638609675288319126,1.54606747627258,43.9364585876465,2.54997110366821,0.001757268,0.04397625,0.002584935,0.00904637575149536,0.989056527614594,0.821493089199066,0.413021713495255,0.79982990026474,2.204017162323,True
638609675288649992,-2.10479474067688,43.4795379638672,2.26395440101624,-0.001613693,0.04347954,0.002269306,-0.0123359663411975,0.988240480422974,0.817418217658997,0.410464972257614,0.801108241081238,2.17333626747131,True
638609675288997615,-6.59926128387451,42.932315826416,2.29720067977905,-0.006106424,0.04296241,0.002270186,-0.0386526957154274,0.984568238258362,0.81456583738327,0.397681266069412,0.79982990026474,2.15416073799133,True
638609675289327468,-11.0417537689209,42.1629905700684,2.44790887832642,-0.0104041,0.04222371,0.002397464,-0.0645582228899002,0.97844785451889,0.811305940151215,0.370835512876511,0.80238664150238,2.14521217346191,True
638609675289667158,-13.5548791885376,41.3549194335938,2.98214030265808,-0.01333306,0.04144708,0.002864408,-0.0789501890540123,0.970287322998047,0.809268474578857,0.337597906589508,0.804943382740021,2.11325287818909,True
638609675289997451,-14.9846563339233,40.3609428405762,3.92438983917236,-0.01490168,0.04052503,0.003790312,-0.0867629647254944,0.959270596504211,0.80763852596283,0.314587265253067,0.806221723556519,2.07106685638428,True
638609675290327829,-16.3684597015381,38.6896705627441,4.20616149902344,-0.01621707,0.03889436,0.00411885,-0.0945757478475571,0.948253870010376,0.799081325531006,0.295411735773087,0.807500123977661,2.02760219573975,True
638609675290657207,-17.3580665588379,37.6545562744141,4.074462890625,-0.01728598,0.03779587,0.004069814,-0.100332528352737,0.942949533462524,0.792561531066895,0.278792917728424,0.806221723556519,2.00459146499634,True
638609675291043532,-17.510368347168,36.8261604309082,3.46040344238281,-0.01751816,0.03690299,0.003536867,-0.101566128432751,0.941725432872772,0.784819304943085,0.266009241342545,0.807500123977661,1.99436461925507,True
638609675291443096,-20.157341003418,37.2044067382813,3.47343873977661,-0.0198747,0.03720441,0.003506361,-0.116780482232571,0.942133486270905,0.788486659526825,0.263452500104904,0.806221723556519,1.99180781841278,True
638609675291753027,-20.5149898529053,35.9375152587891,4.07092094421387,-0.02050983,0.03596995,0.004027541,-0.118425279855728,0.931932806968689,0.783596813678741,0.250668793916702,0.810056805610657,1.98158085346222,True
638609675292083897,-20.4225311279297,34.3967170715332,3.89751863479614,-0.02042657,0.03450543,0.003931565,-0.118014082312584,0.924588322639465,0.77340966463089,0.241720214486122,0.812613546848297,1.94962167739868,True
638609675292422742,-20.1135406494141,31.4496803283691,3.10007309913635,-0.0201258,0.03184282,0.003204522,-0.116780482232571,0.91275554895401,0.751812875270844,0.237885102629662,0.811335206031799,1.90360033512115,True
638609675292752389,-20.1968803405762,30.4806518554688,4.42438077926636,-0.02017707,0.03061571,0.004254871,-0.116369284689426,0.900514721870422,0.752220392227173,0.240441843867302,0.804943382740021,1.87164115905762,True
638609675293092923,-21.0840225219727,29.4250755310059,4.60854911804199,-0.02093158,0.02949327,0.004541639,-0.121303670108318,0.893170237541199,0.747330546379089,0.234049990773201,0.807500123977661,1.82817661762238,True
638609675293415721,-22.9718627929688,28.9723625183105,4.67416954040527,-0.02282403,0.02900664,0.004651109,-0.131994843482971,0.889090001583099,0.746108055114746,0.226379781961441,0.808778464794159,1.80388760566711,True
638609675293746182,-25.8018760681152,26.1915683746338,1.79606401920319,-0.02546631,0.02669367,0.002424456,-0.150498792529106,0.88582581281662,0.717991471290588,0.20976097881794,0.812613546848297,1.79238224029541,True
638609675294086613,-26.9699611663818,24.0097255706787,-0.303438752889633,-0.02696991,0.02407913,-0.0003037731,-0.159133970737457,0.882561564445496,0.695987224578857,0.191863805055618,0.806221723556519,1.79877412319183,True
638609675294420600,-26.1729621887207,24.4405174255371,2.34862613677979,-0.02626915,0.0244037,0.002040458,-0.152143582701683,0.872768938541412,0.710656702518463,0.189307063817978,0.795994758605957,1.81155776977539,True
638609675294762321,-26.4977912902832,23.8083076477051,3.05542922019958,-0.02639577,0.02391384,0.002861715,-0.153377190232277,0.865424454212189,0.710656702518463,0.189307063817978,0.80238664150238,1.80516588687897,True
638609675295098311,-27.626781463623,23.2774448394775,3.33788061141968,-0.02754964,0.02331293,0.003308501,-0.159545168280602,0.860120117664337,0.709841728210449,0.190585434436798,0.804943382740021,1.80260920524597,True
638609675295430894,-29.0376987457275,22.7810935974121,3.10434937477112,-0.02888985,0.0228167,0.0030876,-0.167769148945808,0.857263922691345,0.706989347934723,0.186750337481499,0.807500123977661,1.79877412319183,True
638609675295750075,-31.3203430175781,22.1416912078857,2.8668577671051,-0.03103876,0.02221267,0.002918559,-0.180927515029907,0.852775633335114,0.704136967658997,0.177801743149757,0.807500123977661,1.80133080482483,True
638609675296092086,-32.3047103881836,20.9759387969971,2.29489159584045,-0.03223487,0.02111758,0.002309899,-0.187095493078232,0.84787929058075,0.695579707622528,0.159904569387436,0.808778464794159,1.81155776977539,True
638609675296416762,-32.1455879211426,19.3142070770264,0.693554580211639,-0.03217719,0.01945069,0.0008597386,-0.18791788816452,0.845839202404022,0.678057789802551,0.145842507481575,0.807500123977661,1.82817661762238,True
638609675296756955,-32.1170310974121,17.0512733459473,0.1657834649086,-0.03212598,0.01722465,0.0002127151,-0.188329085707664,0.834822475910187,0.662573277950287,0.133058816194534,0.804943382740021,1.84096026420593,True
638609675297095804,-32.4722213745117,14.9986505508423,0.518655478954315,-0.03238901,0.015213,0.0004602512,-0.189973890781403,0.820541501045227,0.653201103210449,0.121553495526314,0.80238664150238,1.84735214710236,True
638609675297454616,-33.0344467163086,12.9479637145996,1.18574893474579,-0.03301273,0.01313146,0.001074282,-0.192441076040268,0.804628491401672,0.645866334438324,0.104934692382813,0.803664982318878,1.84735214710236,True
638609675297773939,-33.4184532165527,11.744288444519,1.66637492179871,-0.03341096,0.01178239,0.001628261,-0.194085881114006,0.794835865497589,0.642198979854584,0.0908726304769516,0.806221723556519,1.84479534626007,True
638609675298084469,-33.5348854064941,11.1849374771118,1.52043116092682,-0.0334819,0.01124975,0.001619799,-0.194908276200294,0.791979670524597,0.638531565666199,0.0729754641652107,0.808778464794159,1.84096026420593,True
638609675298423318,-33.1417350769043,11.0147151947021,0.994370818138123,-0.03330535,0.011041,0.001090969,-0.193263471126556,0.793611764907837,0.634456753730774,0.0499648116528988,0.810056805610657,1.83968186378479,True
638609675298762172,-32.6860809326172,11.1350154876709,0.880185067653656,-0.03262478,0.01116722,0.0009365908,-0.190796285867691,0.795243859291077,0.634049236774445,0.0205623190850019,0.806221723556519,1.85246562957764,True
638609675299102868,-32.6694755554199,11.0706691741943,0.794194340705872,-0.03266948,0.01107067,0.0007941944,-0.190796285867691,0.795243859291077,0.633234262466431,-0.00244832993485034,0.804943382740021,1.87291944026947,True
638609675299422741,-32.5257949829102,11.3194608688354,0.797262012958527,-0.03258706,0.01128726,0.0007408938,-0.189973890781403,0.796876013278961,0.634456753730774,-0.0126752844080329,0.804943382740021,1.88186812400818,True
638609675299762519,-32.567985534668,11.5510549545288,1.01666784286499,-0.03255974,0.01151875,0.0009737624,-0.189973890781403,0.797284007072449,0.636901617050171,-0.0190671309828758,0.803664982318878,1.88570320606232,True
638609675300099993,-32.5753326416016,11.513032913208,1.05488836765289,-0.03257534,0.01151303,0.001054888,-0.189973890781403,0.796876013278961,0.636901617050171,-0.0229022391140461,0.804943382740021,1.88570320606232,True
638609675300419878,-32.3335266113281,11.3839139938354,0.92320442199707,-0.03240313,0.01138391,0.0009098946,-0.188740283250809,0.796876013278961,0.635271668434143,-0.0229022391140461,0.804943382740021,1.88570320606232,True
638609675300766533,-31.8461589813232,11.3839139938354,1.01557159423828,-0.0319158,0.01138391,0.001002462,-0.185861900448799,0.796876013278961,0.635271668434143,-0.0177887622267008,0.804943382740021,1.88698160648346,True
638609675301087293,-31.335521697998,11.3574829101563,0.982224225997925,-0.03147477,0.01135748,0.0009563967,-0.182983502745628,0.797284007072449,0.634456753730774,-0.0113969156518579,0.804943382740021,1.90104365348816,True
638609675301427830,-30.7231578826904,10.9143705368042,0.386125236749649,-0.03087773,0.01097829,0.0004472604,-0.180105119943619,0.797692060470581,0.628344416618347,-0.00756180705502629,0.803664982318878,2.08640718460083,True
638609675301756738,-29.9665126800537,10.5896263122559,0.159321323037148,-0.03010508,0.01058963,0.00013462,-0.175993129611015,0.797284007072449,0.624677062034607,-0.00116996059659868,0.801108241081238,2.48525834083557,True
638609675302103528,-29.7512989044189,10.0313510894775,0.15470489859581,-0.02982152,0.01010113,0.0001477365,-0.174759522080421,0.794019818305969,0.621417164802551,0.00138677807990462,0.7972731590271,2.56835246086121,True
638609675302422200,-29.5821094512939,9.37882232666016,0.00495995441451669,-0.02965134,0.009378823,-7.218409E-06,-0.173937126994133,0.790755569934845,0.616934776306152,0.00138677807990462,0.7972731590271,2.57090926170349,True
638609675302751482,-29.4636192321777,9.26394939422607,0.143466100096703,-0.02946362,0.009263949,0.0001434661,-0.173114731907845,0.789531528949738,0.616934776306152,0.00138677807990462,0.795994758605957,2.57218742370605,True
638609675303090338,-29.3857593536377,9.51602172851563,0.516556799411774,-0.02938576,0.009516022,0.0005165568,-0.172292336821556,0.789531528949738,0.620194673538208,0.000108408770756796,0.795994758605957,2.5734658241272,True
638609675303486241,-29.0901470184326,9.77059555053711,0.461239486932755,-0.02916615,0.009732352,0.0004874014,-0.170647546648979,0.791571617126465,0.621009647846222,0.00266514741815627,0.795994758605957,2.5734658241272,True
638609675303756291,-28.6844463348389,10.1140756607056,0.176612854003906,-0.02876028,0.01007598,0.0002030933,-0.168591544032097,0.795243859291077,0.621009647846222,0.00522188609465957,0.7972731590271,2.57218742370605,True
638609675304097314,-28.3017978668213,10.5512046813965,0.0204787440598011,-0.02837751,0.01051325,4.72676E-05,-0.166535556316376,0.798916101455688,0.622232139110565,0.0128921018913388,0.795994758605957,2.57090926170349,True
638609675304427598,-28.1581363677979,11.4039888381958,0.867956638336182,-0.02812211,0.01124388,0.0006514282,-0.164890751242638,0.800548195838928,0.631196856498718,0.0205623190850019,0.794716417789459,2.5734658241272,True
638609675304776245,-28.4081249237061,12.4666242599487,2.37027430534363,-0.02838673,0.01236869,0.002241722,-0.164890751242638,0.800140202045441,0.64505136013031,0.0295109041035175,0.795994758605957,2.5734658241272,True
638609675305091765,-28.789436340332,12.9257402420044,2.92149901390076,-0.0287047,0.01285994,0.002848021,-0.166535556316376,0.800140202045441,0.650756180286407,0.0307892728596926,0.80238664150238,2.56707406044006,True
638609675305430532,-29.1289253234863,13.1896438598633,3.21447515487671,-0.02912171,0.01315659,0.003171952,-0.168180346488953,0.800140202045441,0.654016077518463,0.0346243791282177,0.804943382740021,2.56323885917664,True
638609675305810591,-29.4882106781006,13.1517333984375,3.19268846511841,-0.02948821,0.01315173,0.003192689,-0.170236334204674,0.799732148647308,0.654016077518463,0.0397378578782082,0.807500123977661,2.5568470954895,True
638609675306100493,-29.6124591827393,12.8728342056274,3.07102060317993,-0.02953535,0.01291079,0.003044766,-0.171058744192123,0.798508107662201,0.651978671550751,0.0435729660093784,0.807500123977661,2.55812549591064,True
638609675306430388,-29.6117382049561,12.8018989562988,3.06685018539429,-0.02961174,0.0128019,0.00306685,-0.171058744192123,0.798100054264069,0.651571154594421,0.0474080741405487,0.807500123977661,2.55940389633179,True
638609675306760429,-29.5265712738037,12.7360286712646,2.99382853507996,-0.02952657,0.01273603,0.002993829,-0.170647546648979,0.798100054264069,0.650756180286407,0.0499648116528988,0.807500123977661,2.55940389633179,True
638609675307100819,-29.0182151794434,12.4836673736572,2.56241416931152,-0.02909577,0.01251642,0.002593213,-0.168180346488953,0.798916101455688,0.646681308746338,0.0486864447593689,0.808778464794159,2.5568470954895,True
638609675307442657,-28.5554733276367,12.3141384124756,1.95799326896667,-0.02863992,0.01237927,0.002032033,-0.166124358773232,0.800956249237061,0.642198979854584,0.0525215528905392,0.807500123977661,2.55940389633179,True
638609675307751604,-28.1869602203369,12.3136854171753,1.47241234779358,-0.02819337,0.0122759,0.001511037,-0.164479553699493,0.80340439081192,0.639346539974213,0.0601917691528797,0.803664982318878,2.56579566001892,True
638609675308102923,-27.9997005462646,12.2973928451538,1.20735931396484,-0.0279997,0.01229739,0.001207359,-0.163657158613205,0.804628491401672,0.637716591358185,0.0716970935463905,0.801108241081238,2.56835246086121,True
638609675308423997,-28.0068130493164,12.3297519683838,1.25042796134949,-0.0279997,0.01229739,0.001207359,-0.163657158613205,0.804628491401672,0.638124108314514,0.0806456804275513,0.798551499843597,2.57090926170349,True
638609675308750660,-28.5094699859619,12.5085382461548,1.68361866474152,-0.02843309,0.01254631,0.001656696,-0.166124358773232,0.80340439081192,0.641791462898254,0.0883158966898918,0.798551499843597,2.57090926170349,True
638609675309079215,-29.1398029327393,12.6680917739868,2.42737221717834,-0.02905575,0.01267322,0.002358089,-0.169002741575241,0.800548195838928,0.647088825702667,0.0895942598581314,0.79982990026474,2.56963086128235,True
638609675309418540,-29.5594577789307,12.5008506774902,2.76420617103577,-0.02948248,0.01253884,0.002737961,-0.171058744192123,0.797692060470581,0.648311257362366,0.0870375260710716,0.803664982318878,2.56579566001892,True
638609675309767366,-29.6762676239014,12.2344751358032,3.02027249336243,-0.02966964,0.01227258,0.002981999,-0.171469941735268,0.794835865497589,0.648311257362366,0.0832024142146111,0.804943382740021,2.56196045875549,True
638609675310086381,-29.5858249664307,11.7005929946899,2.49799132347107,-0.02959404,0.01180389,0.002545446,-0.171469941735268,0.794019818305969,0.642606437206268,0.0780889391899109,0.808778464794159,2.55812549591064,True
638609675310415770,-29.4823379516602,11.2590732574463,2.73714518547058,-0.02954611,0.01129735,0.002686901,-0.170647546648979,0.790347576141357,0.64138400554657,0.0780889391899109,0.807500123977661,2.56068229675293,True
638609675310755890,-29.3487663269043,10.68674659729,2.80296611785889,-0.02934963,0.01075756,0.002807988,-0.16982513666153,0.786675333976746,0.638531565666199,0.0780889391899109,0.808778464794159,2.55940389633179,True
638609675311094748,-29.2221355438232,10.1462888717651,2.90988850593567,-0.02921657,0.01025568,0.00287727,-0.169002741575241,0.783003091812134,0.636086642742157,0.0780889391899109,0.808778464794159,2.55812549591064,True
638609675311434014,-29.0694332122803,9.7599048614502,2.86406946182251,-0.02906302,0.009798543,0.002826299,-0.168180346488953,0.780962944030762,0.63364177942276,0.0780889391899109,0.810056805610657,2.5568470954895,True
638609675311763445,-28.9953231811523,9.47665500640869,2.85414028167725,-0.02898894,0.009515354,0.00281643,-0.167769148945808,0.779330849647522,0.632011830806732,0.0793673098087311,0.810056805610657,2.55429029464722,True
638609675312084830,-29.088846206665,8.75222587585449,3.40635466575623,-0.02908885,0.008752226,0.003406355,-0.167769148945808,0.772394359111786,0.631196856498718,0.0844807848334312,0.808778464794159,2.5568470954895,True
638609675312424136,-29.1671600341797,7.74832773208618,3.0126588344574,-0.02916927,0.007890102,0.003025038,-0.168591544032097,0.767906069755554,0.623862087726593,0.0806456804275513,0.810056805610657,2.55556869506836,True
638609675312768821,-29.182092666626,6.85056304931641,2.6752142906189,-0.02919811,0.006984296,0.002769083,-0.169002741575241,0.763825833797455,0.617342293262482,0.0832024142146111,0.808778464794159,2.55812549591064,True
638609675313119619,-29.1229591369629,6.20713186264038,2.32865285873413,-0.02913792,0.006269608,0.00241631,-0.169002741575241,0.761377692222595,0.612044930458069,0.0870375260710716,0.806221723556519,2.56068229675293,True
638609675313445658,-28.9200801849365,6.17941761016846,1.56101381778717,-0.02894137,0.006202223,0.001686077,-0.168591544032097,0.764641880989075,0.607562601566315,0.0857591554522514,0.804943382740021,2.56323885917664,True
638609675313781060,-28.6942539215088,6.86774873733521,1.07646071910858,-0.02870691,0.006789683,0.00115121,-0.167769148945808,0.771170318126678,0.608377575874329,0.0883158966898918,0.80238664150238,2.56835246086121,True
638609675314152724,-28.4612216949463,8.01154518127441,0.968917548656464,-0.02845812,0.007801514,0.0009504493,-0.166535556316376,0.77892279624939,0.613674879074097,0.0959861129522324,0.798551499843597,2.56963086128235,True
638609675314479642,-28.364444732666,9.01287269592285,0.818668067455292,-0.02836985,0.008904447,0.0008508811,-0.166124358773232,0.785859286785126,0.618157267570496,0.097264476120472,0.798551499843597,2.57090926170349,True
638609675314788597,-28.3636932373047,9.99884986877441,0.814184963703156,-0.0283692,0.009890663,0.000847026,-0.166124358773232,0.791979670524597,0.623454570770264,0.101099587976933,0.7972731590271,2.57218742370605,True
638609675315118413,-28.4341411590576,10.0687961578369,0.807808041572571,-0.02836458,0.0100688,0.0008194859,-0.166535556316376,0.792387664318085,0.623862087726593,0.0985428467392921,0.798551499843597,2.57090926170349,True
638609675315447262,-28.7652359008789,9.34007263183594,1.49558281898499,-0.02866976,0.00949396,0.001355643,-0.167769148945808,0.784635186195374,0.623862087726593,0.0959861129522324,0.7972731590271,2.57090926170349,True
638609675315859514,-29.0911273956299,7.72035026550293,2.14209771156311,-0.02907407,0.007978257,0.00204214,-0.169002741575241,0.771578311920166,0.61897224187851,0.0883158966898918,0.798551499843597,2.56963086128235,True
638609675316118619,-29.0170574188232,6.55393648147583,1.70800280570984,-0.0290182,0.006624288,0.001714686,-0.169002741575241,0.766273975372314,0.610414981842041,0.0780889391899109,0.80238664150238,2.56707406044006,True
638609675316467476,-28.9286575317383,5.86170244216919,1.18992042541504,-0.02895122,0.005954354,0.001322136,-0.169002741575241,0.764233827590942,0.603895246982574,0.0742538273334503,0.801108241081238,2.56835246086121,True
638609675316806300,-28.7992305755615,5.2699613571167,0.431401282548904,-0.02881435,0.005331053,0.0005200012,-0.169002741575241,0.763825833797455,0.596560478210449,0.0716970935463905,0.79982990026474,2.56835246086121,True
638609675317175078,-28.6240749359131,4.79929208755493,0.240989878773689,-0.02870096,0.004829663,0.0002736247,-0.168180346488953,0.761785686016083,0.592893064022064,0.0729754641652107,0.795994758605957,2.57090926170349,True
638609675317484086,-28.4753932952881,4.62951421737671,0.205142930150032,-0.02848291,0.004659831,0.0002496081,-0.167357951402664,0.760969638824463,0.591670632362366,0.0716970935463905,0.795994758605957,2.5734658241272,True
638609675317798324,-28.2043037414551,4.59010410308838,0.288751840591431,-0.02827365,0.004590104,0.00027714,-0.165713146328926,0.760561645030975,0.591670632362366,0.0729754641652107,0.795994758605957,2.57218742370605,True
638609675318127206,-28.2030487060547,4.52038097381592,0.281247079372406,-0.02820305,0.004520381,0.0002812471,-0.165713146328926,0.760153591632843,0.591263115406036,0.0755321979522705,0.795994758605957,2.5734658241272,True
638609675318456059,-28.259880065918,4.23472738265991,0.621043801307678,-0.02824755,0.004313807,0.0005473125,-0.165713146328926,0.756889402866364,0.591670632362366,0.0768105685710907,0.795994758605957,2.57218742370605,True
638609675318796421,-28.3077983856201,3.84781789779663,0.907556772232056,-0.02830166,0.003887503,0.0008708425,-0.165713146328926,0.753217160701752,0.591263115406036,0.0793673098087311,0.7972731590271,2.57090926170349,True
638609675319125587,-28.3835468292236,3.80811858177185,0.932598054409027,-0.02838355,0.003808119,0.0009325981,-0.166124358773232,0.752809107303619,0.591263115406036,0.0793673098087311,0.798551499843597,2.57090926170349,True
638609675319474408,-28.4282703399658,3.99018168449402,1.19933450222015,-0.02842082,0.003959792,0.001154909,-0.166124358773232,0.752809107303619,0.593708038330078,0.0819240435957909,0.798551499843597,2.57090926170349,True
638609675319805121,-28.4357166290283,4.02058982849121,1.24374794960022,-0.02842827,0.003990182,0.001199335,-0.166124358773232,0.752809107303619,0.594115555286407,0.0832024142146111,0.79982990026474,2.56963086128235,True
638609675320135515,-28.4751892089844,3.92251133918762,1.47916114330292,-0.02846161,0.003931827,0.00139814,-0.166124358773232,0.75117701292038,0.594930529594421,0.0857591554522514,0.79982990026474,2.56963086128235,True
638609675320460723,-28.62135887146,3.58502173423767,1.92158436775208,-0.02860164,0.003634348,0.001804269,-0.166535556316376,0.747096717357635,0.595745503902435,0.0870375260710716,0.801108241081238,2.56707406044006,True
638609675320804648,-28.7441501617432,3.17736339569092,2.6520836353302,-0.02873196,0.003257593,0.002579581,-0.166535556316376,0.741384387016296,0.597782909870148,0.0895942598581314,0.801108241081238,2.56451725959778,True
638609675321135329,-28.8887214660645,2.67268443107605,2.65176582336426,-0.02888872,0.002672685,0.002651766,-0.167357951402664,0.738120138645172,0.595337986946106,0.0870375260710716,0.804943382740021,2.56323885917664,True
638609675321475118,-29.231502532959,2.2278094291687,2.11911916732788,-0.02917662,0.00228835,0.002220085,-0.16982513666153,0.737304091453552,0.590448141098022,0.0857591554522514,0.806221723556519,2.55940389633179,True
638609675321803135,-29.2919692993164,1.7855236530304,1.63242065906525,-0.02930734,0.001845622,0.001721653,-0.170647546648979,0.736488044261932,0.585558354854584,0.0870375260710716,0.804943382740021,2.56196045875549,True
638609675322188503,-29.2583751678467,0.882122933864594,1.43747425079346,-0.02926764,0.0009821841,0.001491213,-0.170647546648979,0.731591701507568,0.579853534698486,0.0895942598581314,0.80238664150238,2.56579566001892,True
638609675322457111,-28.9688472747803,0.124369613826275,1.0054247379303,-0.02899351,0.0002830023,0.001149591,-0.169413939118385,0.728735566139221,0.573333740234375,0.0883158966898918,0.801108241081238,2.56835246086121,True
638609675322796348,-28.8462505340576,-0.652373373508453,0.706969618797302,-0.02884952,-0.0005124896,0.0007261019,-0.169002741575241,0.725063323974609,0.567628920078278,0.0908726304769516,0.79982990026474,2.57090926170349,True
638609675323145163,-28.8254661560059,-1.81183397769928,0.585163235664368,-0.02882116,-0.001700993,0.0005598943,-0.169002741575241,0.718126833438873,0.561109125614166,0.0908726304769516,0.798551499843597,2.57090926170349,True
638609675323474960,-28.7108879089355,-2.79869270324707,0.752297520637512,-0.02877624,-0.002687545,0.0007158843,-0.168180346488953,0.711190402507782,0.557034254074097,0.0908726304769516,0.798551499843597,2.57090926170349,True
638609675323804412,-28.7983226776123,-3.74074959754944,1.26727902889252,-0.02878654,-0.003657761,0.001197882,-0.168180346488953,0.703029870986938,0.555404305458069,0.0895942598581314,0.79982990026474,2.57090926170349,True
638609675324134627,-28.8883934020996,-4.54749536514282,1.79777777194977,-0.02887671,-0.004463991,0.001728984,-0.168180346488953,0.695685386657715,0.554589331150055,0.0883158966898918,0.801108241081238,2.56707406044006,True
638609675324594199,-28.9967956542969,-4.65256309509277,2.43625044822693,-0.02897364,-0.004738773,0.002299849,-0.168180346488953,0.692421197891235,0.557849228382111,0.0857591554522514,0.80238664150238,2.56451725959778,True
638609675324933074,-29.0565776824951,-4.49263715744019,2.78835391998291,-0.02904887,-0.004521524,0.002742979,-0.168180346488953,0.692013144493103,0.560701668262482,0.0832024142146111,0.804943382740021,2.56323885917664,True
638609675325254079,-29.1982364654541,-4.16085290908813,3.19523239135742,-0.02919053,-0.004189927,0.003149977,-0.168591544032097,0.692421197891235,0.564776480197906,0.0832024142146111,0.807500123977661,2.55940389633179,True
638609675325594219,-29.2346019744873,-3.83123588562012,3.40888524055481,-0.0292346,-0.003831236,0.003408885,-0.168591544032097,0.693645238876343,0.567628920078278,0.0832024142146111,0.808778464794159,2.5568470954895,True
638609675325923119,-29.2631683349609,-3.5301673412323,3.57672047615051,-0.02926317,-0.003530168,0.003576721,-0.168591544032097,0.694869339466095,0.570073843002319,0.0844807848334312,0.810056805610657,2.5568470954895,True
638609675326252067,-29.286527633667,-3.69745945930481,3.71396279335022,-0.02928069,-0.003655615,0.003679678,-0.168591544032097,0.693237245082855,0.570073843002319,0.0832024142146111,0.811335206031799,2.5568470954895,True
638609675326593189,-29.2506427764893,-3.94882321357727,3.93136358261108,-0.02924484,-0.003906894,0.003897177,-0.168180346488953,0.690789043903351,0.570073843002319,0.0832024142146111,0.812613546848297,2.55429029464722,True
638609675326923359,-29.1723594665527,-4.23383712768555,3.8994574546814,-0.02916658,-0.004191851,0.003865336,-0.167769148945808,0.689156949520111,0.568443894386292,0.0793673098087311,0.815170288085938,2.55045533180237,True
638609675327254819,-29.0154685974121,-4.29230260848999,3.83305430412292,-0.02901547,-0.004292303,0.003833055,-0.16694675385952,0.689156949520111,0.567628920078278,0.0806456804275513,0.815170288085938,2.54917693138123,True
638609675327593653,-29.199161529541,-4.5932936668396,3.6281521320343,-0.02912844,-0.004593294,0.003640144,-0.168180346488953,0.687932848930359,0.565183997154236,0.0832024142146111,0.81644868850708,2.54789853096008,True
638609675327950251,-29.8413219451904,-4.63533592224121,3.55294442176819,-0.02969994,-0.004635336,0.003577428,-0.171881139278412,0.687524855136871,0.565183997154236,0.0883158966898918,0.81389194726944,2.54917693138123,True
638609675328279183,-29.9886455535889,-4.41471719741821,3.98107481002808,-0.02996896,-0.00435988,0.003867928,-0.172292336821556,0.687116801738739,0.568851351737976,0.093429371714592,0.812613546848297,2.55301189422607,True
638609675328589796,-29.903450012207,-4.13790321350098,4.33216524124146,-0.02988786,-0.004196704,0.004242111,-0.171469941735268,0.687524855136871,0.572111248970032,0.0947077423334122,0.812613546848297,2.55173349380493,True
638609675328926434,-29.7887115478516,-3.56843852996826,4.94079637527466,-0.02984451,-0.003627798,0.004838821,-0.170236334204674,0.688748955726624,0.578223586082458,0.0947077423334122,0.81389194726944,2.54917693138123,True
638609675329257225,-29.7285785675049,-3.74573922157288,5.87796020507813,-0.02970359,-0.003649167,0.005731496,-0.169002741575241,0.68385261297226,0.582705914974213,0.0985428467392921,0.81644868850708,2.54789853096008,True
638609675329596844,-30.0129413604736,-4.27436590194702,7.10931825637817,-0.02998423,-0.004062195,0.006941475,-0.169413939118385,0.675284028053284,0.587595760822296,0.102377958595753,0.81644868850708,2.54662013053894,True
638609675329925726,-30.9011154174805,-4.45314025878906,8.36405944824219,-0.03080332,-0.004355536,0.008232688,-0.173114731907845,0.668347597122192,0.594930529594421,0.107491433620453,0.815170288085938,2.54917693138123,True
638609675330255388,-32.3211479187012,-4.28796291351318,8.74928760528564,-0.03209665,-0.004245211,0.008755907,-0.180516317486763,0.666715502738953,0.599412858486176,0.108769804239273,0.815170288085938,2.54662013053894,True
638609675330585090,-33.717601776123,-2.98520994186401,8.56385326385498,-0.03350597,-0.003290626,0.008640315,-0.188329085707664,0.674467980861664,0.605932652950287,0.108769804239273,0.81644868850708,2.54789853096008,True
638609675330915108,-34.3617362976074,-0.171163260936737,8.38460540771484,-0.03433272,-0.0004123891,0.008235357,-0.192029878497124,0.692013144493103,0.61897224187851,0.111326538026333,0.815170288085938,2.54789853096008,True
638609675331244582,-34.2932243347168,0.311233520507813,8.42018222808838,-0.03436591,0.0003112335,0.008406066,-0.191618680953979,0.694869339466095,0.621417164802551,0.112604908645153,0.815170288085938,2.54662013053894,True
638609675331583476,-34.2679710388184,0.216409146785736,8.29001140594482,-0.03427639,0.0002479993,0.008333415,-0.191618680953979,0.694869339466095,0.620194673538208,0.118996754288673,0.815170288085938,2.54662013053894,True
638609675331914897,-35.9931831359863,-0.0985000431537628,7.4945764541626,-0.03571273,-6.709036E-05,0.007596995,-0.201898649334908,0.694869339466095,0.616119801998138,0.117718391120434,0.815170288085938,2.54789853096008,True
638609675332254258,-37.1086044311523,-0.370196163654327,7.0615553855896,-0.03703647,-0.0003701962,0.0070768,-0.208477839827538,0.694053292274475,0.613674879074097,0.110048174858093,0.81644868850708,2.54662013053894,True
638609675332583154,-37.1569557189941,0.255287557840347,6.22629833221436,-0.03727473,0.0002559691,0.006779649,-0.20971143245697,0.701397776603699,0.612044930458069,0.0998212173581123,0.815170288085938,2.54662013053894,True
638609675332922045,-36.6294364929199,0.216875806450844,2.36830282211304,-0.03673515,0.000295118,0.002861001,-0.211356222629547,0.717718839645386,0.589633166790009,0.0998212173581123,0.81389194726944,2.53767156600952,True
638609675333255464,-34.2734107971191,0.952384233474731,0.505872309207916,-0.03455256,0.0007987372,0.0008104736,-0.200253859162331,0.731999754905701,0.580260992050171,0.097264476120472,0.81389194726944,2.50315546989441,True
638609675333595117,-33.0644798278809,2.63055205345154,1.33988082408905,-0.03318182,0.002358564,0.001199194,-0.192441076040268,0.740160286426544,0.59207808971405,0.120275124907494,0.806221723556519,2.47630977630615,True
638609675333923824,-33.5893020629883,5.05832195281982,3.65651535987854,-0.0335848,0.004847104,0.003258306,-0.192852273583412,0.745056629180908,0.617749750614166,0.135615557432175,0.804943382740021,2.43923711776733,True
638609675334419885,-34.1691513061523,6.57275629043579,5.4855523109436,-0.03413672,0.006515954,0.005320585,-0.194085881114006,0.745872676372528,0.636086642742157,0.139450669288635,0.81389194726944,2.34208106994629,True
638609675334589323,-34.7341842651367,7.0915093421936,6.08497858047485,-0.03447673,0.006928911,0.005914168,-0.196553066372871,0.745872676372528,0.642606437206268,0.143285781145096,0.81389194726944,2.31907033920288,True
638609675334932921,-35.4787521362305,8.27981472015381,5.70984792709351,-0.0354146,0.008240146,0.005760916,-0.201076254248619,0.754033207893372,0.647496283054352,0.145842507481575,0.81389194726944,2.26665735244751,True
638609675335263180,-35.4180526733398,7.66811323165894,3.96332788467407,-0.03546206,0.007829468,0.004177441,-0.202721059322357,0.758113443851471,0.634864211082458,0.136893928050995,0.817727029323578,2.22063589096069,True
638609675335602052,-34.5978775024414,5.9852876663208,1.74563086032867,-0.03473874,0.00623606,0.002079318,-0.200665056705475,0.758113443851471,0.613267421722412,0.126666978001595,0.815170288085938,2.20529556274414,True
638609675335932305,-33.8871688842773,5.17066287994385,1.4666622877121,-0.03397449,0.005232667,0.001540234,-0.196964263916016,0.754849255084991,0.606747627258301,0.122831866145134,0.811335206031799,2.204017162323,True
638609675336282131,-33.2570648193359,5.10004949569702,1.58367276191711,-0.03332694,0.00510005,0.001569983,-0.193263471126556,0.754441201686859,0.606340169906616,0.118996754288673,0.808778464794159,2.19251179695129,True
638609675336622453,-32.7183570861816,5.37720108032227,1.42216742038727,-0.03280372,0.005368629,0.001489226,-0.190385088324547,0.757297396659851,0.606340169906616,0.124110236763954,0.806221723556519,2.1592743396759,True
638609675336921942,-32.5808334350586,5.52135038375854,1.08348870277405,-0.03258083,0.005521351,0.001083489,-0.189973890781403,0.759745538234711,0.605117678642273,0.134337186813354,0.804943382740021,2.12475824356079,True
638609675337242964,-32.4273834228516,5.60021591186523,1.03658211231232,-0.03249703,0.005600216,0.001023234,-0.189151495695114,0.760561645030975,0.605117678642273,0.148399248719215,0.803664982318878,2.09279894828796,True
638609675337583785,-32.190357208252,5.75499773025513,1.30906677246094,-0.03225178,0.005724005,0.001251969,-0.187506690621376,0.760561645030975,0.60715514421463,0.159904569387436,0.80238664150238,2.06723165512085,True
638609675337922586,-31.8950996398926,5.76082897186279,1.66075718402863,-0.03195808,0.005800285,0.001610807,-0.185450702905655,0.759337544441223,0.608785092830658,0.170131534337997,0.80238664150238,2.05061292648315,True
638609675338259229,-32.229549407959,5.37720108032227,1.51564025878906,-0.0321597,0.005377201,0.001528879,-0.187506690621376,0.757297396659851,0.606340169906616,0.170131534337997,0.803664982318878,2.0429425239563,True
638609675338582980,-32.1610488891602,5.44770765304565,1.53601181507111,-0.03216105,0.005447708,0.001536012,-0.187095493078232,0.757705450057983,0.606747627258301,0.154791101813316,0.803664982318878,2.04038596153259,True
638609675338924379,-32.2383232116699,5.86864566802979,1.94420886039734,-0.03223005,0.005837472,0.001900479,-0.187095493078232,0.758521497249603,0.611229956150055,0.138172298669815,0.803664982318878,2.03910756111145,True
638609675339257964,-32.7367668151855,5.8998384475708,1.89440214633942,-0.03266676,0.005899839,0.001907849,-0.189973890781403,0.758521497249603,0.611637473106384,0.118996754288673,0.804943382740021,2.03655076026917,True
638609675339597190,-33.0604019165039,6.12686014175415,2.06539082527161,-0.03298055,0.00602479,0.002028495,-0.191618680953979,0.758929491043091,0.614082396030426,0.102377958595753,0.806221723556519,2.03399395942688,True
638609675339926077,-33.2793197631836,6.9461498260498,2.81735253334045,-0.0332709,0.00691447,0.002774016,-0.192029878497124,0.760561645030975,0.62263959646225,0.0870375260710716,0.807500123977661,2.03015899658203,True
638609675340254961,-33.2664947509766,7.56182289123535,2.75139093399048,-0.0332665,0.007561823,0.002751391,-0.192029878497124,0.764641880989075,0.625492036342621,0.0729754641652107,0.812613546848297,2.02121043205261,True
638609675340654491,-32.8717842102051,8.26216793060303,2.59655475616455,-0.0329564,0.00818401,0.002657373,-0.189973890781403,0.769946217536926,0.627936959266663,0.06402687728405,0.81389194726944,2.01993203163147,True
638609675340929115,-32.6021919250488,8.50712299346924,2.71138405799866,-0.03267965,0.008468098,0.002735205,-0.188329085707664,0.771170318126678,0.62956690788269,0.0614701360464096,0.812613546848297,2.02121043205261,True
638609675341262326,-32.5785598754883,8.63267803192139,3.35509943962097,-0.03256334,0.008639601,0.003274883,-0.187506690621376,0.769130170345306,0.63364177942276,0.0653052479028702,0.812613546848297,2.02121043205261,True
638609675341592513,-32.5233383178711,8.77327823638916,3.83714008331299,-0.03258711,0.008812412,0.003786609,-0.186684295535088,0.767906069755554,0.636901617050171,0.0665836110711098,0.815170288085938,2.01737523078918,True
638609675341921437,-32.1613006591797,8.96077251434326,4.25430774688721,-0.0321613,0.008960773,0.004254308,-0.184217095375061,0.767498075962067,0.639754056930542,0.0704187229275703,0.815170288085938,2.01609683036804,True
638609675342272599,-31.4248962402344,9.01233100891113,4.6437816619873,-0.03148823,0.008979829,0.004588004,-0.179693907499313,0.766682028770447,0.64138400554657,0.0806456804275513,0.815170288085938,2.01609683036804,True
638609675342594450,-31.0419006347656,8.62831783294678,4.55621194839478,-0.03112177,0.008732368,0.004592197,-0.177637919783592,0.765049934387207,0.638531565666199,0.0895942598581314,0.817727029323578,2.01226186752319,True
638609675342918380,-30.8108024597168,7.98740386962891,4.08420276641846,-0.0308196,0.008090981,0.004133429,-0.176815524697304,0.763417780399323,0.632419288158417,0.0947077423334122,0.81900542974472,2.00714826583862,True
638609675343260524,-30.7024230957031,7.43096733093262,3.88665008544922,-0.03070243,0.007430968,0.00388665,-0.17640432715416,0.760969638824463,0.628344416618347,0.101099587976933,0.817727029323578,2.00459146499634,True
638609675343599386,-30.8725318908691,7.05774211883545,3.61281633377075,-0.03080959,0.007089548,0.003668864,-0.177637919783592,0.759745538234711,0.625084519386292,0.108769804239273,0.81644868850708,2.00459146499634,True
638609675343928755,-30.8860759735107,6.40938425064087,2.87848687171936,-0.03090966,0.006503885,0.003009207,-0.178460314869881,0.758929491043091,0.617749750614166,0.121553495526314,0.812613546848297,2.00459146499634,True
638609675344268078,-30.9580078125,5.45625019073486,1.67595684528351,-0.03085,0.005580258,0.001877005,-0.180105119943619,0.758113443851471,0.606340169906616,0.133058816194534,0.810056805610657,2.00459146499634,True
638609675344596966,-31.2592735290527,4.62367630004883,1.74261379241943,-0.03119205,0.00476473,0.001770311,-0.181749910116196,0.752401053905487,0.602672755718231,0.145842507481575,0.804943382740021,2.00842666625977,True
638609675344922732,-31.2922420501709,3.89725923538208,1.52903437614441,-0.03129224,0.003897259,0.001529034,-0.18216110765934,0.74872887134552,0.597782909870148,0.147120878100395,0.803664982318878,2.00714826583862,True
638609675345253773,-31.2624988555908,3.65783596038818,1.76016438007355,-0.0312625,0.003657836,0.001760165,-0.181749910116196,0.746280670166016,0.597782909870148,0.147120878100395,0.801108241081238,2.00459146499634,True
638609675345584323,-31.3617820739746,3.90952515602112,2.6960084438324,-0.03131621,0.003866222,0.002447475,-0.181338712573051,0.743832528591156,0.604302704334259,0.147120878100395,0.80238664150238,1.99436461925507,True
638609675345923175,-31.5184650421143,4.31683301925659,3.55054545402527,-0.03148774,0.004263442,0.003382981,-0.181338712573051,0.742608428001404,0.611229956150055,0.148399248719215,0.804943382740021,1.9726322889328,True
638609675346262586,-31.7466506958008,4.37923622131348,3.59902930259705,-0.03174665,0.004379237,0.00359903,-0.182572305202484,0.742608428001404,0.612044930458069,0.147120878100395,0.810056805610657,1.9445081949234,True
638609675346604327,-31.9734954833984,4.09509944915771,2.85542273521423,-0.03192619,0.004117057,0.00299251,-0.184628307819366,0.743832528591156,0.606747627258301,0.145842507481575,0.811335206031799,1.90743541717529,True
638609675346923000,-31.7970695495605,3.62975001335144,1.91073870658875,-0.03180531,0.003660396,0.001954848,-0.184628307819366,0.745056629180908,0.599005401134491,0.143285781145096,0.808778464794159,1.88953828811646,True
638609675347261862,-31.6341648101807,3.54509520530701,1.42526364326477,-0.03164093,0.003505154,0.001461587,-0.184217095375061,0.746688723564148,0.595745503902435,0.139450669288635,0.804943382740021,1.88442480564117,True
638609675347590800,-30.8439388275146,4.03917551040649,0.655114650726318,-0.03101788,0.003910737,0.0008203584,-0.180516317486763,0.753625154495239,0.593300580978394,0.127945348620415,0.80238664150238,1.88570320606232,True
638609675347930039,-30.3996181488037,4.77227735519409,0.181627199053764,-0.03047559,0.004732853,0.0002060129,-0.178460314869881,0.760561645030975,0.594115555286407,0.121553495526314,0.798551499843597,1.89337337017059,True
638609675348259739,-29.460750579834,5.07825136184692,0.127060562372208,-0.02953003,0.005078251,0.0001149321,-0.173114731907845,0.763417780399323,0.594523012638092,0.118996754288673,0.795994758605957,1.90743541717529,True
638609675348591424,-29.0773143768311,5.22616052627563,0.802364587783813,-0.02912524,0.005204324,0.0006648753,-0.170236334204674,0.761785686016083,0.598597884178162,0.122831866145134,0.794716417789459,1.93555963039398,True
638609675348921041,-29.090648651123,5.52135038375854,1.71749210357666,-0.02908311,0.005490449,0.001673436,-0.169413939118385,0.759745538234711,0.605117678642273,0.120275124907494,0.795994758605957,1.98030257225037,True
638609675349251902,-29.7441501617432,5.68457984924316,1.74773502349854,-0.02968065,0.00564514,0.001796876,-0.173114731907845,0.760153591632843,0.606747627258301,0.108769804239273,0.79982990026474,2.05828309059143,True
638609675349592733,-29.8409690856934,6.10085868835449,1.47815811634064,-0.02985399,0.006022239,0.001552261,-0.173937126994133,0.763825833797455,0.607562601566315,0.0921510010957718,0.801108241081238,2.1477689743042,True
638609675349942608,-29.8278026580811,6.47185611724854,0.588013231754303,-0.02984993,0.006494607,0.0007133216,-0.174759522080421,0.769946217536926,0.604710221290588,0.0755321979522705,0.79982990026474,2.18612003326416,True
638609675350263139,-29.9554443359375,6.52528476715088,-0.702852785587311,-0.02990895,0.006547668,-0.0005646636,-0.176815524697304,0.77565860748291,0.598190426826477,0.0653052479028702,0.7972731590271,2.19251179695129,True
638609675350594573,-30.0468730926514,6.41135025024414,-0.986184775829315,-0.03004687,0.00641135,-0.0009861848,-0.177637919783592,0.776066601276398,0.59615296125412,0.0563566610217094,0.795994758605957,2.16438770294189,True
638609675350923634,-30.2210273742676,5.39649963378906,-0.0161236263811588,-0.03019308,0.005483632,-0.0001717759,-0.177637919783592,0.765457928180695,0.59615296125412,0.0474080741405487,0.794716417789459,2.14904737472534,True
638609675351257884,-30.7091426849365,4.77431154251099,1.099769115448,-0.03063282,0.004813875,0.001075625,-0.179282709956169,0.756481349468231,0.599412858486176,0.0422945953905582,0.795994758605957,2.14393377304077,True
638609675351577400,-30.9994335174561,4.5044412612915,1.90347373485565,-0.03092279,0.004544202,0.001879661,-0.180105119943619,0.75117701292038,0.602672755718231,0.0333460122346878,0.798551499843597,2.13882040977478,True
638609675351923177,-30.9700813293457,4.52237987518311,1.7422661781311,-0.03097674,0.004482635,0.001778824,-0.180105119943619,0.751993060112,0.601857781410217,0.021840687841177,0.80238664150238,2.11453127861023,True
638609675352262041,-30.8310718536377,5.0333194732666,0.978806138038635,-0.03085117,0.004914769,0.001089197,-0.180105119943619,0.758521497249603,0.600227832794189,0.0128921018913388,0.803664982318878,2.07618021965027,True
638609675352593087,-30.3601665496826,5.99063777923584,0.359990954399109,-0.03052451,0.005763926,0.0004765567,-0.178049117326736,0.767498075962067,0.601450324058533,0.00905699376016855,0.801108241081238,2.03527235984802,True
638609675353085743,-29.7318706512451,6.80802583694458,0.0446672327816486,-0.02973187,0.006808026,4.466723E-05,-0.174759522080421,0.774434506893158,0.603487730026245,0.0141704715788364,0.7972731590271,1.9981997013092,True
638609675353265438,-29.6781406402588,6.86973810195923,0.144977584481239,-0.02967154,0.006908624,0.0001074968,-0.174348324537277,0.774434506893158,0.604302704334259,0.0180055797100067,0.795994758605957,1.98541593551636,True
638609675353593985,-29.7242755889893,6.5971040725708,0.406905084848404,-0.02971769,0.006636098,0.0003695339,-0.174348324537277,0.771578311920166,0.604302704334259,0.0205623190850019,0.795994758605957,1.94962167739868,True
638609675353926083,-29.8095970153809,6.08877325057983,0.891302824020386,-0.02980305,0.006127968,0.0008541358,-0.174348324537277,0.766273975372314,0.604302704334259,0.0180055797100067,0.795994758605957,1.90743541717529,True
638609675354267815,-29.9475498199463,6.01869773864746,0.859839260578156,-0.02994755,0.006018698,0.0008598393,-0.175170734524727,0.765865981578827,0.603895246982574,0.0128921018913388,0.798551499843597,1.84863042831421,True
638609675354596861,-30.181022644043,6.18147850036621,0.961664080619812,-0.0301114,0.006181479,0.0009740602,-0.17640432715416,0.766273975372314,0.605525195598602,0.00777862500399351,0.7972731590271,1.77320671081543,True
638609675354925846,-30.4268665313721,6.1959114074707,1.13041388988495,-0.03041231,0.006204163,0.001049357,-0.177637919783592,0.765457928180695,0.606747627258301,0.00266514741815627,0.798551499843597,1.70033967494965,True
638609675355267065,-30.6421928405762,5.90419244766235,1.52643442153931,-0.03063553,0.005943557,0.001489468,-0.178460314869881,0.761785686016083,0.607562601566315,-0.00372669915668666,0.79982990026474,1.65815341472626,True
638609675355598655,-30.7692203521729,5.80028486251831,1.83005118370056,-0.03075462,0.00580866,0.001749296,-0.178871512413025,0.759745538234711,0.608785092830658,-0.0101185459643602,0.801108241081238,1.63514280319214,True
638609675355916014,-30.8142547607422,5.84580135345459,2.0791323184967,-0.03080633,0.005814664,0.002035311,-0.178871512413025,0.758929491043091,0.610414981842041,-0.0216238703578711,0.80238664150238,1.62491583824158,True
638609675356264829,-30.7757701873779,5.97053527832031,2.26696181297302,-0.03077577,0.005970535,0.002266962,-0.178460314869881,0.758929491043091,0.612044930458069,-0.0382426716387272,0.803664982318878,1.62491583824158,True
638609675356593740,-30.4909687042236,6.15137815475464,2.29424142837524,-0.03049756,0.006111938,0.00233114,-0.176815524697304,0.760153591632843,0.612859904766083,-0.0548614710569382,0.804943382740021,1.63769948482513,True
638609675356912704,-30.2643795013428,6.48154878616333,2.2411961555481,-0.0303411,0.0064422,0.002265736,-0.175581932067871,0.762601733207703,0.614082396030426,-0.0714802742004395,0.804943382740021,1.66326689720154,True
638609675357252972,-30.1602649688721,6.60748863220215,2.06171560287476,-0.03016027,0.006607489,0.002061716,-0.175170734524727,0.764233827590942,0.613674879074097,-0.0868207067251205,0.804943382740021,1.69522619247437,True
638609675357703139,-30.3494968414307,5.96882295608521,2.72097587585449,-0.03032336,0.006126861,0.002573637,-0.175581932067871,0.757297396659851,0.614082396030426,-0.0970476642251015,0.804943382740021,1.75275278091431,True
638609675358032043,-30.6187000274658,4.59316253662109,3.82673358917236,-0.03059934,0.004713214,0.003717843,-0.175993129611015,0.743832528591156,0.613267421722412,-0.100882768630981,0.804943382740021,1.79877412319183,True
638609675358360951,-30.7982559204102,4.02613925933838,2.39162278175354,-0.0307025,0.004069563,0.002665723,-0.178460314869881,0.746280670166016,0.602672755718231,-0.107274614274502,0.811335206031799,1.83073329925537,True
638609675358701911,-31.2449684143066,4.1894326210022,2.4548122882843,-0.0311681,0.004229359,0.002431282,-0.180927515029907,0.746688723564148,0.604302704334259,-0.102161139249802,0.807500123977661,1.85630071163177,True
638609675359032987,-31.3285236358643,4.10953426361084,2.51461839675903,-0.03132853,0.004109534,0.002514618,-0.181338712573051,0.745872676372528,0.604302704334259,-0.0996043980121613,0.806221723556519,1.86397087574005,True
638609675359373075,-31.619068145752,4.21127605438232,2.51445508003235,-0.03154881,0.004211276,0.002527443,-0.182983502745628,0.746280670166016,0.605117678642273,-0.0957692936062813,0.806221723556519,1.87036275863647,True
638609675359701949,-32.1453018188477,4.3400502204895,2.2202627658844,-0.03208342,0.004370952,0.002277393,-0.186273097991943,0.747912764549255,0.604710221290588,-0.0944909229874611,0.806221723556519,1.88186812400818,True
638609675360032202,-32.2135353088379,4.20399570465088,1.81325995922089,-0.03223019,0.004265562,0.001901253,-0.187095493078232,0.74872887134552,0.601857781410217,-0.0919341817498207,0.806221723556519,1.90232193470001,True
638609675360360717,-32.0237693786621,4.01973438262939,1.57538044452667,-0.03202377,0.004019734,0.001575381,-0.186273097991943,0.74872887134552,0.599412858486176,-0.0880990773439407,0.804943382740021,1.92661094665527,True
638609675360692007,-31.8908405303955,3.97986841201782,1.63805377483368,-0.03196074,0.003979869,0.001624926,-0.185450702905655,0.748320817947388,0.599412858486176,-0.08298559486866,0.803664982318878,1.95090007781982,True
638609675361037267,-31.7531604766846,3.79243135452271,2.06390047073364,-0.03173963,0.00387236,0.001991303,-0.184217095375061,0.745464622974396,0.600635349750519,-0.0778721198439598,0.803664982318878,1.9726322889328,True
638609675361376562,-31.9049396514893,3.44666814804077,2.87846899032593,-0.0318915,0.003527017,0.002806321,-0.184217095375061,0.739752233028412,0.603487730026245,-0.0714802742004395,0.803664982318878,1.98925113677979,True
638609675361696288,-32.3280601501465,3.12232804298401,2.80328607559204,-0.03218053,0.003162585,0.002793841,-0.186684295535088,0.737712144851685,0.601857781410217,-0.0702019035816193,0.807500123977661,1.99564290046692,True
638609675362037004,-32.5927543640137,3.06083464622498,2.66186022758484,-0.03259275,0.003060835,0.00266186,-0.188329085707664,0.737712144851685,0.601042807102203,-0.0663667991757393,0.807500123977661,2.00075650215149,True
638609675362366267,-32.5802688598633,2.49300074577332,2.59635972976685,-0.03258185,0.002563968,0.002604647,-0.188329085707664,0.73444789648056,0.597782909870148,-0.0663667991757393,0.808778464794159,2.00586986541748,True
638609675362696737,-32.2811698913574,1.65220892429352,2.17053008079529,-0.03236133,0.001753281,0.002210184,-0.187095493078232,0.731183707714081,0.590855658054352,-0.0702019035816193,0.808778464794159,2.01354002952576,True
638609675363037972,-32.2510452270508,-0.678451776504517,3.16886472702026,-0.03220851,-0.0002484227,0.002942651,-0.185861900448799,0.712414503097534,0.58474338054657,-0.0702019035816193,0.806221723556519,2.03527235984802,True
638609675363356583,-32.0561790466309,-4.42750835418701,3.69014430046082,-0.03213289,-0.003957243,0.003708905,-0.184217095375061,0.686708807945251,0.569258868694305,-0.0765937492251396,0.810056805610657,2.06083989143372,True
638609675363685437,-31.7668704986572,-7.44838094711304,2.13747406005859,-0.03179299,-0.00710886,0.002277633,-0.184217095375061,0.673651933670044,0.545624613761902,-0.0855423361063004,0.815170288085938,2.07234501838684,True
638609675364021682,-31.4858055114746,-10.0065402984619,1.79432570934296,-0.03155343,-0.009638307,0.001768771,-0.182983502745628,0.658554971218109,0.531362593173981,-0.08298559486866,0.810056805610657,2.08129358291626,True
638609675364373022,-31.3861293792725,-12.1975736618042,3.22649383544922,-0.03136205,-0.01183722,0.003094861,-0.180927515029907,0.638969659805298,0.529732644557953,-0.08298559486866,0.806221723556519,2.08512878417969,True
638609675364711637,-30.9634227752686,-13.4030838012695,2.50286149978638,-0.03098865,-0.01332206,0.002642049,-0.179282709956169,0.634073376655579,0.519545495510101,-0.0932125523686409,0.810056805610657,2.07873702049255,True
638609675365041645,-30.6064014434814,-13.3592567443848,2.5344226360321,-0.03067667,-0.01335926,0.002521823,-0.177226722240448,0.634481370449066,0.519545495510101,-0.0919341817498207,0.807500123977661,2.07490181922913,True
638609675365537460,-30.3340587615967,-12.9737186431885,3.04368829727173,-0.03032328,-0.01307186,0.002982798,-0.175170734524727,0.635297417640686,0.524027824401855,-0.0919341817498207,0.806221723556519,2.06723165512085,True
638609675365706929,-30.4230136871338,-12.6624593734741,3.13537359237671,-0.03042302,-0.01266246,0.003135374,-0.175581932067871,0.636929571628571,0.526065289974213,-0.0919341817498207,0.807500123977661,2.06595325469971,True
638609675366036224,-30.586877822876,-11.7567052841187,2.83099937438965,-0.03059262,-0.01180023,0.002863144,-0.176815524697304,0.643866002559662,0.528510212898254,-0.0919341817498207,0.808778464794159,2.06211805343628,True
638609675366378927,-30.7743186950684,-10.8774700164795,2.25892329216003,-0.03071001,-0.01092074,0.002304032,-0.178460314869881,0.651618480682373,0.529325187206268,-0.0880990773439407,0.810056805610657,2.06211805343628,True
638609675366707833,-31.3964710235596,-10.547532081604,3.68264555931091,-0.03136203,-0.01047327,0.003493925,-0.180516317486763,0.647946298122406,0.539919793605804,-0.07915049046278,0.807500123977661,2.06467485427856,True
638609675367046751,-32.2107734680176,-11.143871307373,4.12595844268799,-0.03212791,-0.01105673,0.00407511,-0.184628307819366,0.64182585477829,0.540734767913818,-0.08298559486866,0.815170288085938,2.054447889328,True
638609675367376344,-32.1685218811035,-11.8074407577515,4.29306554794312,-0.0321652,-0.0116921,0.004275255,-0.184217095375061,0.636929571628571,0.538697361946106,-0.0855423361063004,0.81644868850708,2.04549932479858,True
638609675367716675,-31.5146236419678,-12.692099571228,4.73297214508057,-0.03165381,-0.0125764,0.004689828,-0.180105119943619,0.629993081092834,0.536659955978394,-0.0880990773439407,0.81644868850708,2.03527235984802,True
638609675368051409,-31.0823135375977,-12.83558177948,4.78131246566772,-0.03108232,-0.01283558,0.004781313,-0.177637919783592,0.629177033901215,0.53584498167038,-0.0868207067251205,0.815170288085938,2.03271555900574,True
638609675368380330,-30.9354648590088,-12.5233335494995,4.37168264389038,-0.03094938,-0.01253952,0.004449369,-0.177226722240448,0.632849276065826,0.534622490406036,-0.0880990773439407,0.81644868850708,2.03015899658203,True
638609675368709222,-30.9996795654297,-11.5730638504028,3.50828981399536,-0.03095783,-0.01179108,0.003681183,-0.178460314869881,0.642233908176422,0.533807516098022,-0.0880990773439407,0.815170288085938,2.03015899658203,True
638609675369049132,-31.0925674438477,-10.3340253829956,2.81431150436401,-0.03109257,-0.01033403,0.002814312,-0.179693907499313,0.652842581272125,0.53543746471405,-0.0855423361063004,0.81389194726944,2.03399395942688,True
638609675369368449,-31.2444305419922,-9.79414844512939,2.84955954551697,-0.03124554,-0.009979228,0.002855626,-0.180516317486763,0.65610682964325,0.538289844989777,-0.0778721198439598,0.811335206031799,2.04549932479858,True
638609675369707714,-31.4972438812256,-8.04316902160645,2.24817085266113,-0.03144921,-0.008284729,0.002381196,-0.182572305202484,0.669571697711945,0.54317969083786,-0.0740370154380798,0.812613546848297,2.05700469017029,True
638609675370036635,-31.9176559448242,-6.40158462524414,2.1678524017334,-0.0319132,-0.006543068,0.002144052,-0.185039505362511,0.680180370807648,0.550921976566315,-0.0714802742004395,0.811335206031799,2.06978845596313,True
638609675370366818,-32.2865371704102,-5.48881769180298,2.96969127655029,-0.03227801,-0.005517686,0.002924452,-0.186273097991943,0.682628512382507,0.560294151306152,-0.0663667991757393,0.808778464794159,2.09152054786682,True
638609675370705674,-32.3094139099121,-5.42618322372437,3.4792754650116,-0.03236737,-0.005341663,0.003398617,-0.185861900448799,0.680996417999268,0.563554048538208,-0.0676451697945595,0.811335206031799,2.11836647987366,True
638609675371035034,-32.4409332275391,-6.56943845748901,2.62972593307495,-0.03234542,-0.006355347,0.002895197,-0.187506690621376,0.676916182041168,0.553366899490356,-0.0727586448192596,0.815170288085938,2.13242840766907,True
638609675371534815,-35.0644111633301,-8.41002559661865,-1.24437999725342,-0.03512493,-0.008176451,-0.0009559648,-0.206833034753799,0.677732229232788,0.525250315666199,-0.0817072317004204,0.812613546848297,2.35486483573914,True
638609675371714226,-33.4612083435059,-8.45541763305664,-0.667920708656311,-0.03416995,-0.008321255,-0.000358223,-0.196964263916016,0.676508128643036,0.526472747325897,-0.0714802742004395,0.801108241081238,2.51210427284241,True
638609675372053101,-32.8914260864258,-6.28916501998901,-1.01486790180206,-0.0330378,-0.006512094,-0.0009975822,-0.194085881114006,0.692421197891235,0.534215033054352,-0.0586965791881084,0.798551499843597,2.56707406044006,True
638609675372382767,-32.1110496520996,-4.72255897521973,0.511929333209991,-0.03235165,-0.00490598,0.0002655325,-0.18791788816452,0.697317481040955,0.549699485301971,-0.0356859341263771,0.7972731590271,2.56963086128235,True
638609675372700718,-31.8666305541992,-3.7301082611084,2.28320932388306,-0.03200474,-0.003849684,0.001858959,-0.184628307819366,0.696909487247467,0.564369022846222,-0.0165103934705257,0.801108241081238,2.56707406044006,True
638609675373034392,-31.9499225616455,-3.38791704177856,3.11988592147827,-0.03193516,-0.003375512,0.003040642,-0.184217095375061,0.695685386657715,0.570888817310333,0.00138677807990462,0.804943382740021,2.56196045875549,True
638609675373373580,-31.9103050231934,-3.25933027267456,2.51706337928772,-0.03192514,-0.003271748,0.002596489,-0.184628307819366,0.698949575424194,0.568036377429962,0.0103353634476662,0.812613546848297,2.55173349380493,True
638609675373709826,-31.7992115020752,-2.92755365371704,1.5350753068924,-0.03183752,-0.002923235,0.00173973,-0.185039505362511,0.705070018768311,0.563961505889893,0.0256757959723473,0.811335206031799,2.54662013053894,True
638609675374039564,-31.6781063079834,-2.32446098327637,0.888078331947327,-0.03169118,-0.002406902,0.000957897,-0.185039505362511,0.71159839630127,0.563146531581879,0.0410162284970284,0.807500123977661,2.49037194252014,True
638609675374379829,-31.2390995025635,-1.12455916404724,0.849986672401428,-0.0312373,-0.001194723,0.000840212,-0.182572305202484,0.719758927822113,0.568443894386292,0.0576350279152393,0.803664982318878,2.39960765838623,True
638609675374711233,-30.9000015258789,0.246579676866531,1.35737907886505,-0.03088848,7.626577E-05,0.001294082,-0.180105119943619,0.726695418357849,0.577816069126129,0.06786198168993,0.80238664150238,2.28199768066406,True
638609675375030768,-30.8536396026611,1.56148064136505,2.29696726799011,-0.03089805,0.001400258,0.002142155,-0.178871512413025,0.731183707714081,0.589633166790009,0.0755321979522705,0.80238664150238,2.14521217346191,True
638609675375371485,-30.6609535217285,2.73366570472717,2.43429970741272,-0.03067389,0.002653138,0.002506341,-0.177637919783592,0.738120138645172,0.59615296125412,0.0793673098087311,0.804943382740021,1.96240532398224,True
638609675375714115,-29.4911804199219,4.85750150680542,1.53592753410339,-0.02980014,0.00451861,0.001655872,-0.171881139278412,0.756073296070099,0.601042807102203,0.0895942598581314,0.806221723556519,1.72079348564148,True
638609675376061336,-25.8199787139893,8.84517192840576,2.38903594017029,-0.02630281,0.008672664,0.002258737,-0.150087594985962,0.77973884344101,0.623454570770264,0.117718391120434,0.80238664150238,1.32705581188202,True
638609675376390263,-23.8960723876953,10.5273809432983,1.96350944042206,-0.02395853,0.01035521,0.001899816,-0.13939642906189,0.793203771114349,0.628751933574677,0.143285781145096,0.806221723556519,0.882183253765106,True
638609675376719131,-23.7576293945313,12.0434064865112,2.50830435752869,-0.02372501,0.01160043,0.002273718,-0.138162821531296,0.800140202045441,0.639754056930542,0.153512731194496,0.804943382740021,0.626509368419647,True
638609675377061252,-23.5622806549072,13.246865272522,3.69576025009155,-0.02355642,0.01321389,0.003652974,-0.136106833815575,0.802180349826813,0.652386128902435,0.150955989956856,0.804943382740021,0.470548331737518,True
638609675377394904,-23.4533653259277,13.3698387145996,3.42587924003601,-0.02345337,0.01336984,0.003425879,-0.13569563627243,0.80422043800354,0.651571154594421,0.131780445575714,0.808778464794159,0.318422377109528,True
638609675377710712,-23.4277381896973,12.955680847168,3.23818397521973,-0.02343416,0.01305914,0.003285211,-0.13569563627243,0.8025883436203,0.648311257362366,0.116440020501614,0.811335206031799,0.0883158966898918,True
638609675378049967,-23.5953483581543,11.5244655609131,2.370356798172,-0.02360861,0.01172969,0.002466266,-0.137340426445007,0.797692060470581,0.636086642742157,0.106213063001633,0.811335206031799,-0.258122205734253,True
638609675378380315,-23.5044174194336,10.3741188049316,1.71243417263031,-0.02352249,0.01046975,0.001843207,-0.137340426445007,0.793611764907837,0.626307010650635,0.104934692382813,0.808778464794159,-0.63140606880188,True
638609675378710616,-23.3158321380615,10.0500240325928,1.37707006931305,-0.02332785,0.01011344,0.001464506,-0.136518031358719,0.793203771114349,0.62263959646225,0.110048174858093,0.804943382740021,-0.857677400112152,True
638609675379049477,-23.1529960632324,9.2009916305542,0.191704213619232,-0.02317115,0.009294678,0.0003238676,-0.136518031358719,0.793203771114349,0.611637473106384,0.115161649882793,0.803664982318878,-0.965060472488403,True
638609675379378981,-22.9569625854492,8.64408874511719,-0.209848925471306,-0.02296904,0.008706057,-0.000121391,-0.13569563627243,0.791571617126465,0.606340169906616,0.129223719239235,0.7972731590271,-1.0072466135025,True
638609675379709536,-22.971851348877,8.46006298065186,-0.100800938904285,-0.02290267,0.008460063,-9.136917E-05,-0.13569563627243,0.789939522743225,0.605932652950287,0.139450669288635,0.793438017368317,-1.02770054340363,True
638609675380048729,-23.0619926452637,8.30674171447754,0.0427782125771046,-0.02299275,0.008306742,5.224704E-05,-0.136106833815575,0.788307428359985,0.605932652950287,0.145842507481575,0.795994758605957,-1.04048418998718,True
638609675380387589,-23.1676731109619,8.49275302886963,0.298549741506577,-0.02316767,0.008492754,0.0002985497,-0.136518031358719,0.788307428359985,0.608377575874329,0.152234360575676,0.795994758605957,-1.04815447330475,True
638609675380717442,-23.1979942321777,8.64826202392578,0.519262373447418,-0.02319193,0.008617124,0.000475145,-0.136518031358719,0.788307428359985,0.610414981842041,0.158626213669777,0.7972731590271,-1.05326795578003,True
638609675381056892,-23.1979942321777,8.64826202392578,0.519262373447418,-0.023198,0.008648262,0.0005192624,-0.136518031358719,0.788307428359985,0.610414981842041,0.163739681243896,0.798551499843597,-1.06988668441772,True
638609675381390451,-23.2032432556152,8.60989189147949,0.557481288909912,-0.02320324,0.008609892,0.0005574813,-0.136518031358719,0.787899374961853,0.610414981842041,0.168853163719177,0.798551499843597,-1.12613499164581,True
638609675381712139,-23.213737487793,8.53310585021973,0.633872628211975,-0.02320849,0.008571506,0.0005956848,-0.136518031358719,0.787083327770233,0.610414981842041,0.171409904956818,0.798551499843597,-1.21434247493744,True
638609675382038043,-23.213737487793,8.53310585021973,0.633872628211975,-0.02321374,0.008533106,0.0006338726,-0.136518031358719,0.787083327770233,0.610414981842041,0.173966646194458,0.798551499843597,-1.31022012233734,True
638609675382378199,-23.3709812164307,8.62662887573242,0.746986329555511,-0.02329537,0.008595437,0.000712505,-0.137340426445007,0.787083327770233,0.611637473106384,0.175245001912117,0.798551499843597,-1.37286031246185,True
638609675382705184,-23.4196510314941,8.87682056427002,1.09912967681885,-0.02341358,0.008845483,0.001055156,-0.137340426445007,0.787083327770233,0.61489737033844,0.173966646194458,0.798551499843597,-1.39970600605011,True
638609675383044490,-23.197322845459,9.72737121582031,1.03093481063843,-0.02319732,0.009727372,0.001030935,-0.136106833815575,0.792795717716217,0.61897224187851,0.172688275575638,0.79982990026474,-1.38053047657013,True
638609675383364351,-22.5927562713623,10.5258407592773,0.752672433853149,-0.02260308,0.01044994,0.0008299666,-0.13281723856926,0.799324154853821,0.621417164802551,0.171409904956818,0.79982990026474,-1.31149852275848,True
638609675383745949,-22.1348838806152,11.4220781326294,0.498242199420929,-0.0222088,0.01131495,0.0005232547,-0.130350053310394,0.806260585784912,0.624677062034607,0.172688275575638,0.79982990026474,-1.20283710956573,True
638609675384036026,-21.7286338806152,12.0096063613892,0.633201718330383,-0.02173366,0.01197206,0.0006722634,-0.127882853150368,0.809524834156036,0.628344416618347,0.173966646194458,0.798551499843597,-1.12102150917053,True
638609675384374887,-21.6714668273926,12.2125482559204,0.738258481025696,-0.02166589,0.01218055,0.0006947006,-0.127471655607224,0.810340881347656,0.629974365234375,0.173966646194458,0.79982990026474,-1.06093811988831,True
638609675384703798,-21.6879920959473,12.3780488967896,1.42079091072083,-0.02167191,0.01235124,0.001294908,-0.127060458064079,0.808300733566284,0.634456753730774,0.173966646194458,0.79982990026474,-1.01619517803192,True
638609675385039483,-21.6451435089111,12.6802530288696,2.20111322402954,-0.02162976,0.01272307,0.002079902,-0.126238062977791,0.806668639183044,0.640161514282227,0.173966646194458,0.801108241081238,-0.984236001968384,True
638609675385380585,-21.5755481719971,12.750358581543,2.21424698829651,-0.02157555,0.01275036,0.002214247,-0.125826865434647,0.807076632976532,0.640569031238556,0.172688275575638,0.804943382740021,-0.966338813304901,True
638609675385701002,-21.5607433319092,12.8631792068481,2.09721374511719,-0.02156568,0.01282559,0.00213624,-0.125826865434647,0.808300733566284,0.640569031238556,0.176523372530937,0.806221723556519,-0.95611184835434,True
638609675386033345,-21.5508651733398,12.9383125305176,2.01911568641663,-0.02155087,0.01293831,0.002019116,-0.125826865434647,0.809116780757904,0.640569031238556,0.177801743149757,0.804943382740021,-0.94460654258728,True
638609675386379545,-21.4610900878906,13.0883865356445,1.87157618999481,-0.02146109,0.01308839,0.001871576,-0.125415667891502,0.810748875141144,0.640569031238556,0.175245001912117,0.804943382740021,-0.915204048156738,True
638609675386701062,-21.0440311431885,13.508186340332,1.94808578491211,-0.02104403,0.01350819,0.001948086,-0.122948467731476,0.813197076320648,0.643013954162598,0.172688275575638,0.803664982318878,-0.885801553726196,True
638609675387040876,-20.350133895874,13.7507524490356,2.08797526359558,-0.02035013,0.01375075,0.002087975,-0.118836477398872,0.814421117305756,0.644643902778625,0.168853163719177,0.804943382740021,-0.865347623825073,True
638609675387360278,-19.9798717498779,13.69020652771,1.96067047119141,-0.01998494,0.01372282,0.002003841,-0.116780482232571,0.814829170703888,0.643421411514282,0.166296422481537,0.806221723556519,-0.847450435161591,True
638609675387704036,-19.6979084014893,13.4105205535889,1.97764384746552,-0.01969837,0.01348044,0.001981601,-0.115135692059994,0.813197076320648,0.641791462898254,0.163739681243896,0.804943382740021,-0.818047940731049,True
638609675388044418,-19.6842765808105,13.5226173400879,1.8597754240036,-0.01961881,0.01348527,0.001907162,-0.115135692059994,0.814421117305756,0.641791462898254,0.161182940006256,0.803664982318878,-0.77841854095459,True
638609675388375584,-19.994327545166,14.455117225647,2.08389163017273,-0.01999391,0.01438514,0.00208033,-0.116780482232571,0.818909406661987,0.648311257362366,0.156069472432137,0.803664982318878,-0.732397198677063,True
638609675388714410,-20.2146854400635,15.7219858169556,2.74620485305786,-0.02005894,0.01562226,0.002634699,-0.11760288476944,0.823397696018219,0.658905923366547,0.154791101813316,0.803664982318878,-0.668478727340698,True
638609675389034457,-20.6344356536865,16.2506504058838,2.67661571502686,-0.02055899,0.01621727,0.002642518,-0.120070077478886,0.826661944389343,0.661758303642273,0.150955989956856,0.804943382740021,-0.600725173950195,True
638609675389363209,-20.5506687164307,17.7315406799316,2.57330846786499,-0.02055013,0.01759114,0.002568812,-0.119658879935741,0.836046516895294,0.669500589370728,0.156069472432137,0.806221723556519,-0.493342161178589,True
638609675389705964,-20.1244087219238,20.7268486022949,1.98210120201111,-0.02013862,0.02047991,0.002102394,-0.11760288476944,0.856855869293213,0.683355152606964,0.166296422481537,0.79982990026474,-0.3539999127388,True
638609675390051606,-18.6290264129639,22.3063716888428,1.28669762611389,-0.01879128,0.02199146,0.001476939,-0.109378904104233,0.870320796966553,0.688244938850403,0.179080113768578,0.79982990026474,-0.238946661353111,True
638609675390370555,-17.1468658447266,23.6978664398193,1.27660822868347,-0.01729487,0.02355889,0.001345967,-0.100743725895882,0.879297375679016,0.695579707622528,0.196977287530899,0.795994758605957,-0.173749819397926,True
638609675390832354,-15.3368787765503,25.2543964385986,0.723446547985077,-0.01548378,0.02504752,0.000796636,-0.0904637575149536,0.891946196556091,0.701284527778625,0.214874461293221,0.794716417789459,-0.0957692936062813,True
638609675391161249,-14.2162532806396,26.0145568847656,0.726291537284851,-0.01421635,0.02594537,0.0007274156,-0.0838845744729042,0.896842479705811,0.705359399318695,0.226379781961441,0.793438017368317,-0.0638100579380989,True
638609675391500109,-13.8809022903442,26.9173393249512,0.905129611492157,-0.01387417,0.02684641,0.0008230644,-0.0818285793066025,0.901330769062042,0.711471676826477,0.234049990773201,0.790881276130676,-0.0420777797698975,True
638609675391830479,-13.6181602478027,27.510913848877,1.12269866466522,-0.01361159,0.02743962,0.00104094,-0.080183781683445,0.903778970241547,0.715954065322876,0.237885102629662,0.790881276130676,-0.0280157160013914,True
638609675392169335,-13.6472043991089,28.0409889221191,1.48413586616516,-0.01364409,0.02793568,0.001445371,-0.080183781683445,0.905003011226654,0.720843911170959,0.239163473248482,0.793438017368317,-0.0126752844080329,True
638609675392512344,-13.4853219985962,28.789981842041,2.10294461250305,-0.01347892,0.02871769,0.002022053,-0.0789501890540123,0.906227111816406,0.728178679943085,0.241720214486122,0.794716417789459,0.00266514741815627,True
638609675392836900,-13.5061130523682,29.6021690368652,2.36573958396912,-0.01349677,0.02942324,0.002247581,-0.0789501890540123,0.909491360187531,0.734290957450867,0.244276955723763,0.7972731590271,0.0333460122346878,True
638609675393178678,-13.1648654937744,30.5865573883057,2.51997685432434,-0.01316179,0.03054989,0.002479991,-0.0768941938877106,0.91438764333725,0.740810751914978,0.250668793916702,0.798551499843597,0.0883158966898918,True
638609675393507597,-12.7374534606934,31.3881340026855,2.47410655021667,-0.01274067,0.03135513,0.002517245,-0.0744270011782646,0.919283986091614,0.745293080806732,0.254503905773163,0.79982990026474,0.153512731194496,True
638609675393846973,-12.2227783203125,31.967248916626,2.19020676612854,-0.01222278,0.03196725,0.002190207,-0.0715486034750938,0.924180269241333,0.747330546379089,0.260895758867264,0.79982990026474,0.203369140625,True
638609675394156776,-11.6258888244629,33.1608924865723,1.70558929443359,-0.01169581,0.0331609,0.001700794,-0.0682590156793594,0.933564901351929,0.752220392227173,0.271122694015503,0.794716417789459,0.245555326342583,True
638609675394497403,-11.3786249160767,33.3984909057617,2.21101117134094,-0.01137336,0.03332398,0.002132076,-0.0666142180562019,0.932340800762177,0.755887746810913,0.278792917728424,0.793438017368317,0.269844353199005,True
638609675394846242,-11.3022003173828,33.877124786377,3.18937945365906,-0.011289,0.03375953,0.00298901,-0.0657918229699135,0.929892659187317,0.763222515583038,0.282628029584885,0.793438017368317,0.282628029584885,True
638609675395175519,-11.4725570678711,34.1507263183594,3.61901926994324,-0.01146735,0.03407535,0.003540907,-0.0666142180562019,0.929076611995697,0.766889870166779,0.280071288347244,0.7972731590271,0.286463141441345,True
638609675395505262,-11.7663688659668,34.2313346862793,3.76043510437012,-0.01176637,0.03423133,0.003760435,-0.0682590156793594,0.928668558597565,0.768112361431122,0.277514547109604,0.798551499843597,0.289019882678986,True
638609675395845223,-11.7633962631226,34.2639122009277,3.71695685386658,-0.0117634,0.03426391,0.003716957,-0.0682590156793594,0.929076611995697,0.768112361431122,0.273679435253143,0.79982990026474,0.290298253297806,True
638609675396338733,-11.742564201355,34.491455078125,3.41223835945129,-0.01174554,0.03445901,0.00345581,-0.0682590156793594,0.931932806968689,0.768112361431122,0.268565982580185,0.79982990026474,0.295411735773087,True
638609675396528159,-11.5918407440186,34.7289924621582,3.28172731399536,-0.01159773,0.03466425,0.003368993,-0.067436620593071,0.933972954750061,0.768927335739136,0.268565982580185,0.79982990026474,0.301803559064865,True
638609675396847123,-11.4429416656494,35.2142562866211,3.1751024723053,-0.01144586,0.03518204,0.00321885,-0.0666142180562019,0.937237143516541,0.771372258663177,0.264730870723724,0.798551499843597,0.315865635871887,True
638609675397169536,-10.9149560928345,35.7392578125,2.67111134529114,-0.01091776,0.03570729,0.002715049,-0.0637358278036118,0.942949533462524,0.772187232971191,0.262174129486084,0.79982990026474,0.332484424114227,True
638609675397508387,-10.5031366348267,35.7511558532715,2.86307430267334,-0.01050314,0.03575116,0.002863074,-0.0612686350941658,0.942133486270905,0.773002207279205,0.264730870723724,0.7972731590271,0.34910324215889,True
638609675397838454,-10.7167654037476,35.7891082763672,2.88880014419556,-0.01064635,0.03578911,0.002893192,-0.0625022277235985,0.942133486270905,0.77340966463089,0.264730870723724,0.7972731590271,0.378505736589432,True
638609675398171683,-11.6126279830933,36.2321510314941,3.58950972557068,-0.01153121,0.0361497,0.003434653,-0.067436620593071,0.94050133228302,0.779522001743317,0.262174129486084,0.7972731590271,0.418135195970535,True
638609675398512562,-12.6231832504272,36.2887763977051,3.80531883239746,-0.01254639,0.03628264,0.003728197,-0.0731934010982513,0.939277291297913,0.7811518907547,0.250668793916702,0.79982990026474,0.467991590499878,True
638609675398852226,-13.7117738723755,36.1722717285156,4.06351566314697,-0.01349908,0.03617227,0.0040803,-0.0793613865971565,0.936829090118408,0.781966865062714,0.244276955723763,0.801108241081238,0.522961497306824,True
638609675399171320,-14.3615169525146,35.9343490600586,4.15298461914063,-0.01421965,0.03593435,0.004164738,-0.0830621793866158,0.934789001941681,0.7811518907547,0.235328361392021,0.80238664150238,0.563869297504425,True
638609675399509285,-15.1960105895996,35.6727447509766,3.89271664619446,-0.01506109,0.03574911,0.00398219,-0.0879965648055077,0.934380948543549,0.778707027435303,0.228936523199081,0.80238664150238,0.591993391513824,True
638609675399838195,-17.335865020752,35.585090637207,2.44440197944641,-0.01680348,0.03543029,0.002801461,-0.101154923439026,0.94050133228302,0.772594690322876,0.214874461293221,0.80238664150238,0.607333838939667,True
638609675400181808,-21.1447296142578,35.5267372131348,2.18680644035339,-0.0208642,0.03552674,0.002221355,-0.12335966527462,0.939277291297913,0.773002207279205,0.185471966862679,0.80238664150238,0.61372572183609,True
638609675400531257,-22.454381942749,34.3877029418945,2.93541216850281,-0.02236701,0.03448544,0.002814994,-0.130350053310394,0.928260564804077,0.770149767398834,0.138172298669815,0.806221723556519,0.607333838939667,True
638609675400839842,-22.8510437011719,33.5278472900391,2.6859130859375,-0.02279107,0.03360307,0.002773048,-0.13281723856926,0.924588322639465,0.764037489891052,0.111326538026333,0.808778464794159,0.600942015647888,True
638609675401178683,-23.8232250213623,33.0358619689941,1.95321202278137,-0.02368859,0.03307324,0.002011812,-0.138985231518745,0.924996316432953,0.758332669734955,0.093429371714592,0.810056805610657,0.598385274410248,True
638609675401518697,-24.7967586517334,32.5669288635254,2.26038455963135,-0.02479676,0.03256693,0.002260385,-0.144330814480782,0.920100033283234,0.757517695426941,0.0844807848334312,0.807500123977661,0.599663615226746,True
638609675401838827,-24.8758430480957,32.1823768615723,2.31145143508911,-0.02488155,0.03221964,0.002350586,-0.144742012023926,0.917651891708374,0.755480289459229,0.0716970935463905,0.808778464794159,0.597106873989105,True
638609675402180818,-25.3431968688965,31.6687049865723,2.56230497360229,-0.02533637,0.03177239,0.002516265,-0.147209197282791,0.913163542747498,0.753850340843201,0.0653052479028702,0.808778464794159,0.598385274410248,True
638609675402559629,-25.4216613769531,30.8443584442139,3.09147310256958,-0.0254091,0.03091147,0.003006738,-0.147209197282791,0.905819118022919,0.751405417919159,0.0589133985340595,0.810056805610657,0.597106873989105,True
638609675402838676,-25.475959777832,30.5212802886963,2.97208094596863,-0.02540551,0.03052128,0.002982542,-0.147620394825935,0.904595017433167,0.748960494995117,0.0525215528905392,0.811335206031799,0.595828533172607,True
638609675403179063,-25.7008323669434,30.3126735687256,3.03088283538818,-0.02562404,0.03034636,0.002999179,-0.148854002356529,0.902962923049927,0.748145520687103,0.0448513366281986,0.811335206031799,0.594550132751465,True
638609675403518200,-25.8672332763672,30.1777534484863,3.17855358123779,-0.02586087,0.03021151,0.003136358,-0.149676397442818,0.901330769062042,0.748145520687103,0.0371811203658581,0.811335206031799,0.593271791934967,True
638609675403844956,-26.2247104644775,30.0550651550293,3.63013672828674,-0.02614801,0.03001804,0.003601583,-0.151321187615395,0.898066580295563,0.749775469303131,0.0282325334846973,0.811335206031799,0.593271791934967,True
638609675404174383,-26.2182941436768,30.088960647583,3.5880606174469,-0.0262183,0.03008896,0.003588061,-0.151321187615395,0.898474633693695,0.749775469303131,0.0167272109538317,0.81389194726944,0.590715050697327,True
638609675404503562,-26.2242889404297,30.1259994506836,3.62736582756042,-0.02622429,0.030126,0.003627366,-0.151321187615395,0.898474633693695,0.750182926654816,0.00777862500399351,0.81389194726944,0.589436650276184,True
638609675404844527,-26.1990337371826,30.190544128418,3.46175003051758,-0.02620546,0.0301567,0.003503867,-0.151321187615395,0.899698674678802,0.749775469303131,0.000108408770756796,0.81389194726944,0.589436650276184,True
638609675405172602,-26.1733245849609,30.3257446289063,3.29314517974854,-0.02617333,0.03032575,0.003293145,-0.151321187615395,0.901330769062042,0.749775469303131,-0.00372669915668666,0.81389194726944,0.590715050697327,True
638609675405511434,-26.0963268280029,30.3595008850098,3.26170516014099,-0.02609633,0.0303595,0.003261705,-0.15090999007225,0.901738822460175,0.749775469303131,-0.00628343783318996,0.812613546848297,0.590715050697327,True
638609675405840367,-25.7434387207031,30.3595008850098,3.31499624252319,-0.02574344,0.0303595,0.003314996,-0.148854002356529,0.901738822460175,0.749775469303131,-0.00756180705502629,0.812613546848297,0.591993391513824,True
638609675406179223,-25.3260555267334,30.3257446289063,3.42020440101624,-0.02539669,0.03032575,0.003409776,-0.146386802196503,0.901330769062042,0.749775469303131,-0.00884017627686262,0.812613546848297,0.593271791934967,True
638609675406518072,-24.6316223144531,30.2581787109375,3.60733485221863,-0.02477303,0.03025818,0.00358702,-0.142274811863899,0.900514721870422,0.749775469303131,-0.00884017627686262,0.812613546848297,0.591993391513824,True
638609675406837995,-24.2899417877197,30.190544128418,3.74202656745911,-0.02435473,0.03022437,0.003689827,-0.140218824148178,0.899698674678802,0.749775469303131,-0.00756180705502629,0.812613546848297,0.591993391513824,True
638609675407177618,-24.1420745849609,29.8883647918701,4.23255109786987,-0.0241303,0.02995635,0.004148398,-0.138985231518745,0.895618438720703,0.750182926654816,-0.00500506861135364,0.812613546848297,0.593271791934967,True
638609675407517585,-24.106273651123,29.6840019226074,4.49460792541504,-0.02409456,0.02975219,0.004410615,-0.13857401907444,0.893170237541199,0.750182926654816,-0.00756180705502629,0.812613546848297,0.590715050697327,True
638609675407856387,-24.1705646514893,29.3077220916748,4.95558309555054,-0.02415305,0.02941055,0.004830029,-0.13857401907444,0.888681948184967,0.750182926654816,-0.00756180705502629,0.812613546848297,0.589436650276184,True
638609675408177383,-24.2325744628906,28.5142250061035,5.92398738861084,-0.02420947,0.02865288,0.005757826,-0.138162821531296,0.879297375679016,0.750182926654816,-0.00756180705502629,0.812613546848297,0.590715050697327,True
638609675408506588,-24.3934307098389,27.5360240936279,7.08081293106079,-0.02437627,0.02764147,0.006957398,-0.138162821531296,0.867872595787048,0.750182926654816,-0.00628343783318996,0.812613546848297,0.591993391513824,True
638609675408845409,-24.5744209289551,26.7656154632568,8.38244915008545,-0.02455742,0.02687243,0.008260192,-0.138162821531296,0.856855869293213,0.752220392227173,-0.00372669915668666,0.811335206031799,0.593271791934967,True
638609675409174777,-24.9342575073242,25.6932144165039,9.89555740356445,-0.02491173,0.02583787,0.00973451,-0.138985231518745,0.84298300743103,0.753850340843201,-0.00372669915668666,0.811335206031799,0.597106873989105,True
638609675409505091,-25.236665725708,24.7878131866455,11.5182600021362,-0.02521993,0.02489796,0.01139896,-0.13939642906189,0.829518139362335,0.757110178470612,-0.00116996059659868,0.811335206031799,0.604777097702026,True
638609675409831288,-25.5129890441895,24.0129203796387,12.4072093963623,-0.02542756,0.02408708,0.01233883,-0.140218824148178,0.820541501045227,0.757517695426941,-0.00116996059659868,0.811335206031799,0.609890580177307,True
638609675410157400,-25.9633312225342,23.6412773132324,12.9042205810547,-0.02596333,0.02364128,0.01290422,-0.142274811863899,0.815645217895508,0.758332669734955,-0.00116996059659868,0.811335206031799,0.61372572183609,True
638609675410498827,-26.9153919219971,23.2675437927246,13.1650609970093,-0.02676611,0.02326754,0.01318714,-0.147209197282791,0.811564922332764,0.758332669734955,-0.00244832993485034,0.811335206031799,0.616282403469086,True
638609675410838142,-27.9598579406738,22.9682502746582,13.0069408416748,-0.02774207,0.02293072,0.01308024,-0.152965992689133,0.809932827949524,0.756702721118927,-0.00756180705502629,0.811335206031799,0.617560803890228,True
638609675411172488,-28.8915348052979,22.7428493499756,13.0999917984009,-0.02873615,0.02278046,0.01308485,-0.157900378108025,0.807484686374664,0.756702721118927,-0.0126752844080329,0.811335206031799,0.617560803890228,True
638609675411521613,-29.4882736206055,22.7428493499756,13.0039691925049,-0.0294137,0.02274285,0.01301608,-0.161189958453178,0.807484686374664,0.756702721118927,-0.0190671309828758,0.811335206031799,0.615004062652588,True
638609675411830294,-29.781623840332,22.1779251098633,13.3925218582153,-0.02976264,0.02229132,0.01327666,-0.162423565983772,0.802180349826813,0.755887746810913,-0.0241806078702211,0.812613546848297,0.61372572183609,True
638609675412179687,-29.9637050628662,20.923267364502,14.5036821365356,-0.02992618,0.02115287,0.01427466,-0.162423565983772,0.789531528949738,0.755072772502899,-0.0254589784890413,0.812613546848297,0.620117545127869,True
638609675412518846,-29.8392486572266,19.5677833557129,16.120023727417,-0.02982102,0.01968444,0.01600732,-0.16036756336689,0.77402651309967,0.756295263767242,-0.0241806078702211,0.811335206031799,0.634179592132568,True
638609675412837801,-29.6623229980469,18.9768543243408,16.9593296051025,-0.02965039,0.0190552,0.01688475,-0.158722773194313,0.766682028770447,0.757517695426941,-0.0241806078702211,0.811335206031799,0.643128216266632,True
638609675413168225,-29.780481338501,18.036376953125,17.6975002288818,-0.02976866,0.0181154,0.01762362,-0.158722773194313,0.757705450057983,0.756702721118927,-0.0280157160013914,0.812613546848297,0.64696329832077,True
638609675413508040,-29.8747215270996,17.4020366668701,18.2862396240234,-0.02986885,0.0174418,0.01824956,-0.158722773194313,0.75117701292038,0.756702721118927,-0.0318508259952068,0.812613546848297,0.649520039558411,True
638609675413838736,-29.9683036804199,16.7638187408447,18.8708763122559,-0.02995664,0.01684381,0.01879802,-0.158722773194313,0.744648575782776,0.756702721118927,-0.0356859341263771,0.812613546848297,0.650798380374908,True
638609675414167656,-30.0922584533691,16.1731281280518,20.1418552398682,-0.03007455,0.01621638,0.0200309,-0.158311575651169,0.734855949878693,0.760777592658997,-0.0356859341263771,0.811335206031799,0.653355121612549,True
638609675414497889,-30.2366180419922,15.4908628463745,21.5476303100586,-0.03020777,0.01561618,0.02136645,-0.157900378108025,0.723839223384857,0.765259921550751,-0.0356859341263771,0.811335206031799,0.653355121612549,True
638609675415001295,-30.0816745758057,14.1608486175537,23.1085815429688,-0.03014937,0.01424343,0.0230262,-0.155844375491142,0.708742260932922,0.767297387123108,-0.0356859341263771,0.812613546848297,0.652076780796051,True
638609675415170565,-29.6581268310547,13.7625255584717,24.0224723815918,-0.02979477,0.01392856,0.02385897,-0.152965992689133,0.702213823795319,0.770149767398834,-0.0344075635075569,0.811335206031799,0.653355121612549,True
638609675415509412,-27.93528175354,12.6993370056152,25.5345993041992,-0.02815948,0.01282517,0.0253971,-0.143097206950188,0.689972996711731,0.772187232971191,-0.0267373472452164,0.811335206031799,0.653355121612549,True
638609675415848313,-27.0383911132813,11.2372760772705,27.2819404602051,-0.02708549,0.01145417,0.02703029,-0.137340426445007,0.673651933670044,0.774632155895233,-0.0165103934705257,0.811335206031799,0.653355121612549,True
638609675416167250,-26.8621883392334,9.62434768676758,28.997989654541,-0.02683904,0.009758599,0.0288279,-0.135284438729286,0.65610682964325,0.777077078819275,-0.00756180705502629,0.811335206031799,0.652076780796051,True
638609675416507821,-26.9158000946045,8.0306282043457,30.616138458252,-0.0268932,0.008167037,0.03044907,-0.134462043642998,0.638969659805298,0.779522001743317,-0.00628343783318996,0.811335206031799,0.650798380374908,True
638609675416847165,-26.9685535430908,6.53495311737061,32.2477645874023,-0.02701951,0.006679241,0.0320029,-0.133639633655548,0.622240602970123,0.782781839370728,-0.00628343783318996,0.811335206031799,0.649520039558411,True
638609675417186786,-27.0183906555176,5.35129356384277,33.8777503967285,-0.02700001,0.005363652,0.03374015,-0.13281723856926,0.607143580913544,0.787671685218811,-0.00884017627686262,0.811335206031799,0.648241639137268,True
638609675417507328,-27.0037899017334,4.23638439178467,35.0426483154297,-0.02698268,0.00437794,0.03488368,-0.131994843482971,0.594902813434601,0.790116608142853,-0.0126752844080329,0.81389194726944,0.645684897899628,True
638609675417856160,-26.9289455413818,3.5571563243866,36.4147033691406,-0.02690336,0.003661031,0.03622018,-0.130761250853539,0.583886086940765,0.79582142829895,-0.0152320228517056,0.81389194726944,0.64440655708313,True
638609675418185061,-26.5505886077881,3.20502352714539,37.4643745422363,-0.02654195,0.003211634,0.03739742,-0.128294050693512,0.576541602611542,0.800711274147034,-0.0177887622267008,0.81389194726944,0.645684897899628,True
638609675418507839,-26.209020614624,2.88443303108215,38.1618003845215,-0.02620057,0.002891092,0.03809518,-0.126238062977791,0.57123726606369,0.803563714027405,-0.0190671309828758,0.81389194726944,0.643128216266632,True
638609675418846704,-25.4518756866455,2.68030214309692,39.0194320678711,-0.02560603,0.002693627,0.03886591,-0.122126072645187,0.565932929515839,0.80763852596283,-0.020345501601696,0.812613546848297,0.639293074607849,True
638609675419175604,-23.971607208252,2.60053873062134,40.4367408752441,-0.02412811,0.002613711,0.04028558,-0.114313289523125,0.558588445186615,0.815380811691284,-0.0152320228517056,0.811335206031799,0.635457992553711,True
638609675419516097,-22.0269145965576,2.18430304527283,41.7784194946289,-0.02218595,0.002197542,0.04162996,-0.104444518685341,0.550019860267639,0.821085631847382,-0.00884017627686262,0.811335206031799,0.623952627182007,True
638609675419857153,-19.9788951873779,1.406005859375,43.192554473877,-0.02022216,0.001512829,0.04298303,-0.0941645428538322,0.539003133773804,0.825975477695465,0.000108408770756796,0.811335206031799,0.608612239360809,True
638609675420176072,-18.4232559204102,0.407216668128967,44.4706764221191,-0.01858792,0.0005081588,0.04433701,-0.0863517671823502,0.527170419692993,0.829642832279205,0.00905699376016855,0.811335206031799,0.588158309459686,True
638609675420506296,-17.3499221801758,-0.564081609249115,45.3615379333496,-0.01743561,-0.0005167981,0.04532756,-0.081006184220314,0.517377734184265,0.831272780895233,0.0154488412663341,0.811335206031799,0.568982779979706,True
638609675421016574,-16.3697757720947,-1.78675019741058,46.4232482910156,-0.01645205,-0.001643954,0.04633766,-0.0760717913508415,0.505136966705322,0.833310186862946,0.0205623190850019,0.811335206031799,0.547250509262085,True
638609675421186035,-16.0576992034912,-1.94120657444,47.0024681091309,-0.01614234,-0.001845784,0.04694369,-0.0744270011782646,0.501056671142578,0.836570084095001,0.0205623190850019,0.810056805610657,0.542137026786804,True
638609675421516282,-15.0518178939819,-2.48619771003723,47.8971710205078,-0.0151364,-0.002478744,0.04782907,-0.0694926157593727,0.493304193019867,0.840237498283386,0.0192839484661818,0.811335206031799,0.5306316614151,True
638609675421830651,-14.4652500152588,-2.95560765266418,48.4782905578613,-0.01445945,-0.002900027,0.04839128,-0.0666142180562019,0.487591803073883,0.842274904251099,0.0192839484661818,0.811335206031799,0.522961497306824,True
638609675422182702,-13.8985786437988,-3.47218227386475,49.4200325012207,-0.01389148,-0.0033681,0.04930887,-0.0637358278036118,0.47943127155304,0.846757292747498,0.0180055797100067,0.811335206031799,0.512734532356262,True
638609675422515079,-13.3458738327026,-4.07761335372925,50.6765441894531,-0.01333853,-0.004062407,0.05055607,-0.0608574375510216,0.468822598457336,0.853277087211609,0.0167272109538317,0.810056805610657,0.502507567405701,True
638609675422846042,-13.0427007675171,-4.88408231735229,51.6613731384277,-0.01303278,-0.004771153,0.051494,-0.0592126399278641,0.458621919155121,0.857351899147034,0.0128921018913388,0.811335206031799,0.492280602455139,True
638609675423177100,-12.759895324707,-5.65929841995239,53.0547866821289,-0.01275516,-0.005602479,0.05297268,-0.0575678460299969,0.445973098278046,0.864686667919159,0.00905699376016855,0.811335206031799,0.484610378742218,True
638609675423507666,-12.2854280471802,-6.34031772613525,54.3877067565918,-0.01227779,-0.006275449,0.05424922,-0.0551006495952606,0.43414032459259,0.872021436691284,0.00394351687282324,0.811335206031799,0.476940184831619,True
638609675423966128,-11.7181186676025,-7.32252025604248,55.835319519043,-0.01171399,-0.007265021,0.05575637,-0.0522222593426704,0.419859379529953,0.879356205463409,-0.00116996059659868,0.812613546848297,0.469269961118698,True
638609675424299402,-11.3964824676514,-7.87240791320801,56.7851219177246,-0.01139474,-0.007914443,0.05675073,-0.0505774617195129,0.41088280081749,0.884653508663177,-0.00244832993485034,0.811335206031799,0.464156478643417,True
638609675424632411,-10.8843927383423,-8.13951206207275,57.7138633728027,-0.01097465,-0.008131721,0.05765389,-0.048110269010067,0.403538316488266,0.890765845775604,-0.00244832993485034,0.811335206031799,0.460321366786957,True
638609675424972052,-10.2789363861084,-8.42177104949951,58.7448310852051,-0.01036731,-0.008406309,0.05863097,-0.0452318787574768,0.395377784967422,0.8976930975914,-0.00116996059659868,0.810056805610657,0.457764625549316,True
638609675425291359,-9.57890319824219,-8.532470703125,59.8990135192871,-0.009668178,-0.008517247,0.05978697,-0.0419422872364521,0.387217253446579,0.906250298023224,0.00266514741815627,0.810056805610657,0.453929513692856,True
638609675425637908,-8.86509037017822,-8.52446937561035,60.8882255554199,-0.008861745,-0.008559998,0.06080167,-0.0386526957154274,0.380688846111298,0.913992583751678,0.00394351687282324,0.810056805610657,0.448816061019897,True
638609675425966855,-7.85373067855835,-8.77318954467773,61.6762046813965,-0.007944665,-0.008758304,0.06156727,-0.0341295078396797,0.374160408973694,0.919289886951447,0.0065002553164959,0.811335206031799,0.443702578544617,True
638609675426307406,-6.83709669113159,-9.31906700134277,62.5162048339844,-0.006929877,-0.009260816,0.06244172,-0.029606319963932,0.36559185385704,0.92417973279953,0.00905699376016855,0.811335206031799,0.436032354831696,True
638609675426637623,-6.08967018127441,-10.0104703903198,62.9957809448242,-0.006089167,-0.009959526,0.06297668,-0.0263167284429073,0.358655393123627,0.925809681415558,0.0141704715788364,0.811335206031799,0.429640501737595,True
638609675426967458,-5.33912897109985,-10.8495569229126,63.4714889526367,-0.005433136,-0.01069631,0.06341309,-0.0230271369218826,0.350902885198593,0.927032172679901,0.0180055797100067,0.811335206031799,0.420691907405853,True
638609675427300091,-4.12124109268188,-11.2724990844727,64.7071304321289,-0.004216417,-0.01116992,0.0646691,-0.0176815520972013,0.339886158704758,0.935996830463409,0.021840687841177,0.810056805610657,0.414300084114075,True
638609675427621097,-3.26354169845581,-11.7134857177734,65.0656661987305,-0.003262591,-0.01165453,0.0649977,-0.0139807621017098,0.334989845752716,0.937626779079437,0.0256757959723473,0.810056805610657,0.406629860401154,True
638609675427971033,-2.40648007392883,-12.3994092941284,65.7357788085938,-0.002597664,-0.01218573,0.06561423,-0.0102799721062183,0.326421290636063,0.941294193267822,0.0282325334846973,0.810056805610657,0.396402895450592,True
638609675428312484,-1.06355381011963,-13.0007658004761,66.7820739746094,-0.001256576,-0.01294148,0.06671565,-0.00452318787574768,0.315404564142227,0.948628962039948,0.0282325334846973,0.810056805610657,0.386175960302353,True
638609675428631595,0.193828970193863,-13.5792846679688,67.3375549316406,0,-0.01351985,0.06727307,0.000822397763840854,0.308060109615326,0.951888859272003,0.0295109041035175,0.811335206031799,0.374670624732971,True
638609675428960488,1.26220190525055,-14.0919847488403,67.7681655883789,0.00116495,-0.0139881,0.06773626,0.00534558575600386,0.301939696073532,0.9543337225914,0.0307892728596926,0.811335206031799,0.363165289163589,True
638609675429289411,2.43297529220581,-14.5765190124512,68.3130416870117,0.002238044,-0.01447241,0.06828328,0.0102799721062183,0.295003235340118,0.958001136779785,0.0333460122346878,0.810056805610657,0.355495095252991,True
638609675429621913,3.40904188156128,-14.8076858520508,68.5049057006836,0.003311647,-0.01480769,0.06850629,0.0143919615074992,0.292147070169449,0.959223568439484,0.0346243791282177,0.811335206031799,0.346546500921249,True
638609675429960353,4.4832935333252,-15.0314254760742,68.6430358886719,0.004288108,-0.01497929,0.0686311,0.0189151484519243,0.289698898792267,0.960038542747498,0.0371811203658581,0.811335206031799,0.341433018445969,True
638609675430289254,5.46276330947876,-15.3151712417603,68.8396148681641,0.005462763,-0.01531517,0.06883962,0.0230271369218826,0.286434680223465,0.961261034011841,0.0422945953905582,0.810056805610657,0.336319535970688,True
638609675430615251,6.14666795730591,-15.322808265686,68.8693542480469,0.006049124,-0.01532281,0.06887186,0.0259055308997631,0.286026656627655,0.961668491363525,0.0435729660093784,0.811335206031799,0.331206053495407,True
638609675430956748,6.82945203781128,-15.322808265686,68.8506774902344,0.006731915,-0.01532281,0.06885347,0.0287839230149984,0.286026656627655,0.961668491363525,0.0486864447593689,0.811335206031799,0.327370971441269,True
638609675431282697,7.61269521713257,-15.1890554428101,68.9200668334961,0.007612695,-0.01518906,0.06892007,0.032073512673378,0.286026656627655,0.962890982627869,0.0550782904028893,0.810056805610657,0.324814230203629,True
638609675431632033,8.58885860443115,-14.7942676544189,68.9027481079102,0.008589418,-0.01484644,0.06891818,0.0361855030059814,0.288066804409027,0.964113414287567,0.0601917691528797,0.810056805610657,0.322257488965988,True
638609675431941106,9.3649845123291,-14.4292440414429,68.7645645141602,0.009268093,-0.01448137,0.06878398,0.0394750945270061,0.290922969579697,0.964113414287567,0.0665836110711098,0.811335206031799,0.318422377109528,True
638609675432279924,10.1362228393555,-13.9009017944336,68.5287094116211,0.0101369,-0.01395296,0.06854453,0.0427646860480309,0.295411258935928,0.963705956935883,0.0729754641652107,0.810056805610657,0.314587265253067,True
638609675432618733,11.1011981964111,-13.2767286300659,68.2936248779297,0.01100538,-0.01338069,0.06833029,0.046876672655344,0.300307601690292,0.963705956935883,0.0780889391899109,0.810056805610657,0.309473782777786,True
638609675432947671,11.865083694458,-12.638955116272,67.9667434692383,0.01176954,-0.01274273,0.0680043,0.0501662641763687,0.306019961833954,0.962890982627869,0.0832024142146111,0.811335206031799,0.304360300302505,True
638609675433346304,12.8232440948486,-11.861475944519,67.6680603027344,0.01272799,-0.01196505,0.06770664,0.0542782545089722,0.312140375375748,0.962890982627869,0.0895942598581314,0.810056805610657,0.297968477010727,True
638609675433605418,13.3903608322144,-11.1818084716797,67.3690948486328,0.01339133,-0.0112335,0.06738607,0.0567454472184181,0.317852735519409,0.962483465671539,0.0908726304769516,0.810056805610657,0.291576623916626,True
638609675433936919,14.4258184432983,-10.3723058700562,66.8072509765625,0.01433313,-0.01043088,0.06687899,0.0612686350941658,0.326013267040253,0.960446059703827,0.0947077423334122,0.811335206031799,0.289019882678986,True
638609675434290746,15.4514827728271,-9.50700092315674,66.1651916503906,0.01535942,-0.009565331,0.06623836,0.0657918229699135,0.334989845752716,0.958001136779785,0.0998212173581123,0.810056805610657,0.285184770822525,True
638609675434598892,16.5722103118896,-8.84972381591797,65.5741577148438,0.01647951,-0.0088566,0.06563044,0.0707262083888054,0.34233433008194,0.955556213855743,0.104934692382813,0.810056805610657,0.281349658966064,True
638609675434948115,17.6977252960205,-8.45693778991699,65.1128997802734,0.01760548,-0.008463789,0.06516996,0.0756605938076973,0.347230643033981,0.953518748283386,0.110048174858093,0.810056805610657,0.278792917728424,True
638609675435266888,18.7290058135986,-8.26926898956299,64.7251663208008,0.01863716,-0.008276123,0.0647829,0.080183781683445,0.350494861602783,0.951481342315674,0.113883279263973,0.810056805610657,0.274957805871964,True
638609675435595798,19.9440250396729,-8.0749044418335,64.2644653320313,0.01985267,-0.008081767,0.06432297,0.0855293720960617,0.354167103767395,0.949036419391632,0.118996754288673,0.810056805610657,0.268565982580185,True
638609675435936566,20.9560890197754,-7.91789674758911,63.7301559448242,0.02086521,-0.007924785,0.0637894,0.0900525599718094,0.358247369527817,0.945776522159576,0.125388607382774,0.810056805610657,0.264730870723724,True
638609675436256432,21.777172088623,-7.62201452255249,63.2505760192871,0.02168374,-0.007672889,0.06327873,0.093753345310688,0.362735658884048,0.943331599235535,0.130502074956894,0.808778464794159,0.260895758867264,True
638609675436596744,22.4920597076416,-7.12355136871338,62.6962928771973,0.02239895,-0.007174306,0.06272504,0.097042940557003,0.368856072425842,0.940886676311493,0.133058816194534,0.808778464794159,0.257060647010803,True
638609675436929534,22.921070098877,-6.43748712539673,62.1871757507324,0.0228302,-0.006538731,0.06223629,0.0990989357233047,0.375792503356934,0.939256727695465,0.136893928050995,0.808778464794159,0.254503905773163,True
638609675437270378,23.1524620056152,-5.36323928833008,61.632438659668,0.02316064,-0.005565001,0.06171364,0.100332528352737,0.385177135467529,0.938441753387451,0.139450669288635,0.807500123977661,0.253225535154343,True
638609675437610180,23.3513221740723,-4.06690311431885,60.7713851928711,0.02336525,-0.004274058,0.06090804,0.101566128432751,0.397825956344604,0.935996830463409,0.139450669288635,0.808778464794159,0.249390423297882,True
638609675437929569,23.374813079834,-3.03418207168579,60.0706634521484,0.02338469,-0.003140359,0.06016714,0.101977325975895,0.408026605844498,0.933959424495697,0.140729039907455,0.808778464794159,0.248112067580223,True
638609675438269933,23.2158222198486,-2.1558403968811,59.4418716430664,0.02322357,-0.002211726,0.05951791,0.101566128432751,0.417003214359283,0.93192195892334,0.142007410526276,0.810056805610657,0.246833696961403,True
638609675438609218,22.9561157226563,-1.13291823863983,58.7450370788574,0.02296618,-0.001237959,0.05884456,0.100743725895882,0.427203863859177,0.929884552955627,0.140729039907455,0.808778464794159,0.245555326342583,True
638609675438930225,22.5314826965332,-0.466521590948105,58.2687606811523,0.02262921,-0.0005652659,0.05830498,0.0990989357233047,0.43414032459259,0.9282546043396,0.138172298669815,0.810056805610657,0.245555326342583,True
638609675439273203,21.7452659606934,0.327794760465622,57.9190483093262,0.02193582,0.0002293701,0.05794729,0.0958093404769897,0.441076785326004,0.92784708738327,0.138172298669815,0.808778464794159,0.246833696961403,True
638609675439603768,21.1415996551514,1.12495231628418,57.4875717163086,0.02123667,0.001075917,0.05750234,0.0933421477675438,0.448421239852905,0.927032172679901,0.134337186813354,0.807500123977661,0.246833696961403,True
638609675439913180,20.1816139221191,1.62573063373566,57.2242126464844,0.0202765,0.001576811,0.05723962,0.0892301574349403,0.453317582607269,0.926217198371887,0.130502074956894,0.806221723556519,0.246833696961403,True
638609675440252810,19.3130111694336,1.98956859111786,56.9047317504883,0.01931786,0.001984145,0.05696128,0.0855293720960617,0.457805871963501,0.924587249755859,0.125388607382774,0.806221723556519,0.248112067580223,True
638609675440581904,18.9085292816162,2.26040625572205,56.5323143005371,0.01891331,0.002255015,0.05658915,0.0838845744729042,0.461886137723923,0.922549784183502,0.120275124907494,0.807500123977661,0.246833696961403,True
638609675440911536,18.6189613342285,2.22791814804077,56.4089317321777,0.01862167,0.0022712,0.05644167,0.0826509743928909,0.462702184915543,0.921327352523804,0.117718391120434,0.806221723556519,0.246833696961403,True
638609675441241482,18.6781139373779,2.26589965820313,56.0016784667969,0.0186849,0.002211829,0.05608319,0.0830621793866158,0.465558379888535,0.918474912643433,0.115161649882793,0.807500123977661,0.246833696961403,True
638609675441580248,19.0812644958496,2.42292714118958,55.2821617126465,0.018997,0.002460526,0.05538066,0.0851181671023369,0.470862716436386,0.913992583751678,0.112604908645153,0.807500123977661,0.245555326342583,True
638609675441914379,19.2617321014404,2.84870529174805,54.1565322875977,0.019274,0.002789552,0.05429821,0.0863517671823502,0.480247318744659,0.907472789287567,0.113883279263973,0.807500123977661,0.245555326342583,True
638609675442233300,19.2451686859131,2.87311506271362,52.906307220459,0.01925031,0.002867582,0.05296544,0.0867629647254944,0.488407850265503,0.898508071899414,0.113883279263973,0.808778464794159,0.244276955723763,True
638609675442572543,18.9312629699707,2.24513649940491,51.3905982971191,0.01903497,0.002275583,0.05153702,0.0859405696392059,0.494936287403107,0.885061025619507,0.112604908645153,0.810056805610657,0.244276955723763,True
638609675442904087,18.5983695983887,0.886654138565063,49.6226425170898,0.01871121,0.001129246,0.0498857,0.0851181671023369,0.499016553163528,0.867131590843201,0.110048174858093,0.807500123977661,0.244276955723763,True
638609675443248229,18.2072696685791,-0.993589222431183,47.1308326721191,0.01823077,-0.0007570547,0.04740896,0.0842957720160484,0.504320919513702,0.842274904251099,0.102377958595753,0.807500123977661,0.245555326342583,True
638609675443589723,17.9469451904297,-3.28725624084473,44.0499229431152,0.01796267,-0.003089887,0.04423597,0.0842957720160484,0.510033249855042,0.812120914459229,0.0908726304769516,0.808778464794159,0.244276955723763,True
638609675443920741,17.7433242797852,-5.90015077590942,40.6158714294434,0.01777825,-0.005565074,0.04102719,0.0847069695591927,0.514929592609406,0.778707027435303,0.0793673098087311,0.808778464794159,0.244276955723763,True
638609675444244615,18.3668956756592,-7.94179344177246,37.896183013916,0.01829258,-0.007830242,0.03802213,0.0888189598917961,0.517785787582397,0.753035366535187,0.0691403523087502,0.808778464794159,0.245555326342583,True
638609675444583491,19.7769088745117,-9.83945655822754,34.8053131103516,0.01963194,-0.009706012,0.03505055,0.097042940557003,0.522274076938629,0.726141214370728,0.0550782904028893,0.811335206031799,0.242998585104942,True
638609675444914373,21.3373889923096,-11.1865549087524,32.0215377807617,0.02120444,-0.01106934,0.03234041,0.106089316308498,0.527578413486481,0.703729450702667,0.0474080741405487,0.811335206031799,0.241720214486122,True
638609675445241332,22.837438583374,-12.3907670974731,29.1251392364502,0.02269743,-0.01230059,0.02933896,0.115135692059994,0.533698797225952,0.681317687034607,0.0410162284970284,0.812613546848297,0.241720214486122,True
638609675445742683,25.0363636016846,-13.7385416030884,24.4765644073486,0.02492376,-0.01360158,0.02485356,0.1291164457798,0.54593962430954,0.647903800010681,0.0333460122346878,0.812613546848297,0.239163473248482,True
638609675445922178,25.865442276001,-14.1854009628296,22.8517150878906,0.02565654,-0.01410246,0.0230848,0.134462043642998,0.550019860267639,0.636494159698486,0.0307892728596926,0.81389194726944,0.239163473248482,True
638609675446252393,27.225191116333,-14.4477710723877,20.0573196411133,0.02703856,-0.01435052,0.02041056,0.143508419394493,0.559812545776367,0.61897224187851,0.0307892728596926,0.811335206031799,0.240441843867302,True
638609675446602537,28.7038192749023,-14.0125322341919,16.8211517333984,0.02865724,-0.01401148,0.01702416,0.153788387775421,0.57531750202179,0.601857781410217,0.0333460122346878,0.811335206031799,0.239163473248482,True
638609675446929262,30.5644435882568,-13.1109371185303,13.9397115707397,0.03036433,-0.01314082,0.01412619,0.166124358773232,0.591638624668121,0.589633166790009,0.038459487259388,0.811335206031799,0.236606732010841,True
638609675447249032,33.1878890991211,-12.0490942001343,11.4051971435547,0.03304566,-0.0120938,0.01146294,0.182572305202484,0.606735587120056,0.581483483314514,0.0486864447593689,0.810056805610657,0.232771635055542,True
638609675447589443,36.4925994873047,-10.95290184021,8.82169437408447,0.03623839,-0.01102658,0.009063866,0.203132256865501,0.621424555778503,0.574556171894073,0.0653052479028702,0.810056805610657,0.228936523199081,True
638609675447924434,39.2977485656738,-9.60571765899658,6.04462146759033,0.03891546,-0.009722114,0.006356945,0.221636205911636,0.63856166601181,0.567628920078278,0.0844807848334312,0.810056805610657,0.227658152580261,True
638609675448264957,41.7491836547852,-7.86200571060181,2.14861106872559,0.04154088,-0.007990502,0.002513936,0.240140154957771,0.662635207176208,0.556219279766083,0.103656321763992,0.810056805610657,0.22126629948616,True
638609675448604472,43.6005516052246,-3.95287299156189,0.656736075878143,0.04348745,-0.004078661,0.0007932869,0.252476125955582,0.691605091094971,0.568851351737976,0.138172298669815,0.793438017368317,0.232771635055542,True
638609675448922451,44.7367401123047,-0.435611993074417,-1.20509731769562,0.04459002,-0.0008635889,-0.0009266264,0.261522501707077,0.720166981220245,0.577408611774445,0.158626213669777,0.790881276130676,0.234049990773201,True
638609675449252735,44.849723815918,3.31950616836548,-2.42312860488892,0.0448937,0.002979696,-0.002260429,0.263989686965942,0.74872887134552,0.590040683746338,0.175245001912117,0.784489452838898,0.236606732010841,True
638609675449585204,44.7034454345703,7.05441379547119,-2.15064430236816,0.04475152,0.006672469,-0.002244249,0.262756079435349,0.771170318126678,0.61082249879837,0.189307063817978,0.774262487888336,0.244276955723763,True
638609675449914749,44.3305320739746,9.92106914520264,-1.62528586387634,0.04439345,0.009639689,-0.001664704,0.2598777115345,0.787083327770233,0.628344416618347,0.195698916912079,0.772984147071838,0.248112067580223,True
638609675450265235,43.8227729797363,12.6617946624756,-3.53493595123291,0.04388135,0.0122978,-0.003314633,0.2598777115345,0.812789022922516,0.632826805114746,0.198255658149719,0.776819229125977,0.254503905773163,True
638609675450587447,42.5030479431152,14.5726737976074,-3.0355224609375,0.0425593,0.01447046,-0.003098533,0.251653730869293,0.823805749416351,0.644236385822296,0.20976097881794,0.769149005413055,0.269844353199005,True
638609675450904406,42.2043571472168,15.8331937789917,-3.07050442695618,0.04227005,0.01562452,-0.003096744,0.250008910894394,0.831966280937195,0.650756180286407,0.20976097881794,0.774262487888336,0.277514547109604,True
638609675451243243,41.9942245483398,17.2671337127686,-2.18431735038757,0.04196212,0.01709705,-0.002311347,0.247541725635529,0.836862564086914,0.662980794906616,0.214874461293221,0.772984147071838,0.287741512060165,True
638609675451584470,42.1070709228516,18.7235355377197,-1.7378044128418,0.04209574,0.01854954,-0.001782621,0.247541725635529,0.843391001224518,0.673575460910797,0.21231772005558,0.778097629547119,0.289019882678986,True
638609675451983118,41.8189277648926,20.9554538726807,-0.849837005138397,0.04184637,0.02060621,-0.001032714,0.244663342833519,0.852775633335114,0.69028240442276,0.20976097881794,0.779375970363617,0.290298253297806,True
638609675452252220,41.3404235839844,22.8199977874756,-0.417737692594528,0.04139939,0.02257339,-0.0004756611,0.241373747587204,0.862160265445709,0.702507019042969,0.203369140625,0.781932711601257,0.289019882678986,True
638609675452581551,40.6148071289063,26.0971240997314,-0.392808139324188,0.04068492,0.02581529,-0.0004051787,0.237261757254601,0.881745517253876,0.720843911170959,0.198255658149719,0.783211052417755,0.287741512060165,True
638609675452921514,39.6824569702148,30.1695823669434,-0.630172491073608,0.03975461,0.02981819,-0.0006330569,0.232327371835709,0.907043159008026,0.74284815788269,0.190585434436798,0.784489452838898,0.286463141441345,True
638609675453259709,38.6572952270508,32.7075157165527,-0.344800710678101,0.0387281,0.03256693,-0.0003532237,0.226159393787384,0.920916080474854,0.758332669734955,0.180358484387398,0.787046194076538,0.285184770822525,True
638609675453589069,37.0815773010254,33.2741432189941,-0.576193928718567,0.0373074,0.03320879,-0.000537126,0.217524215579033,0.927036464214325,0.759147644042969,0.163739681243896,0.790881276130676,0.280071288347244,True
638609675453918485,34.841381072998,32.4050483703613,-1.28212642669678,0.03508829,0.03259016,-0.001130599,0.205599442124367,0.928260564804077,0.748552978038788,0.148399248719215,0.789602935314178,0.281349658966064,True
638609675454250308,33.5476531982422,31.0705032348633,-2.01743721961975,0.03369978,0.03121271,-0.001969346,0.199020266532898,0.925812423229218,0.735920906066895,0.129223719239235,0.787046194076538,0.285184770822525,True
638609675454580918,33.6013793945313,29.5902805328369,-1.75107026100159,0.03359232,0.02969269,-0.001795958,0.199020266532898,0.91601973772049,0.728178679943085,0.112604908645153,0.783211052417755,0.287741512060165,True
638609675454920011,34.1027488708496,28.6327495574951,-1.3916916847229,0.03409417,0.02866621,-0.00143373,0.201487451791763,0.908267259597778,0.7245112657547,0.104934692382813,0.784489452838898,0.286463141441345,True
638609675455262409,34.2663269042969,28.4627285003662,-1.29167115688324,0.03425815,0.02842674,-0.001331553,0.202309846878052,0.906635165214539,0.724103808403015,0.101099587976933,0.785767793655396,0.285184770822525,True
638609675455580606,34.3460807800293,29.1023273468018,-0.902831852436066,0.03432981,0.0290299,-0.0009822058,0.202309846878052,0.908267259597778,0.729808628559113,0.097264476120472,0.785767793655396,0.285184770822525,True
638609675455909950,34.4996490478516,30.3268985748291,-0.854084372520447,0.03449269,0.03015094,-0.0008878856,0.203132256865501,0.914795696735382,0.737550854682922,0.0908726304769516,0.787046194076538,0.283906400203705,True
638609675456248863,34.4824981689453,32.1394119262695,-0.937346160411835,0.03447663,0.03189342,-0.0009658388,0.203132256865501,0.925404369831085,0.748145520687103,0.0870375260710716,0.788324534893036,0.281349658966064,True
638609675456598040,33.8271522521973,34.4705505371094,-0.986792027950287,0.03390738,0.0342295,-0.0009443491,0.199431464076042,0.939277291297913,0.76159256696701,0.0844807848334312,0.788324534893036,0.282628029584885,True
638609675457016461,31.4801254272461,36.4695930480957,-0.931078851222992,0.03177298,0.03633697,-0.0008907283,0.185861900448799,0.952334105968475,0.772187232971191,0.0768105685710907,0.787046194076538,0.282628029584885,True
638609675457343831,28.9763965606689,37.3695030212402,-1.02124464511871,0.02919045,0.03733829,-0.001013211,0.171469941735268,0.960086643695831,0.775447130203247,0.0614701360464096,0.788324534893036,0.281349658966064,True
638609675457683708,27.269660949707,37.7608222961426,-0.640576779842377,0.02747027,0.03772268,-0.0007125374,0.161189958453178,0.961718738079071,0.778299510478973,0.0448513366281986,0.788324534893036,0.281349658966064,True
638609675458015379,26.2567405700684,38.0522232055664,-0.334668189287186,0.02645798,0.03801399,-0.0004053251,0.155021980404854,0.962534785270691,0.780744433403015,0.0295109041035175,0.789602935314178,0.280071288347244,True
638609675458354247,25.1318492889404,38.4665298461914,0.181621119379997,0.02519546,0.03842814,0.0001332425,0.148031607270241,0.962942838668823,0.784819304943085,0.0192839484661818,0.790881276130676,0.280071288347244,True
638609675458683134,24.1551265716553,39.0677833557129,0.776276707649231,0.02414972,0.03902917,0.0007384274,0.141863614320755,0.963758885860443,0.790524125099182,0.0116137331351638,0.790881276130676,0.278792917728424,True
638609675459023513,22.8278045654297,39.4856796264648,0.920889556407928,0.02297302,0.03945474,0.0009464113,0.134050831198692,0.966207027435303,0.792969048023224,0.00394351687282324,0.794716417789459,0.276236176490784,True
638609675459352424,21.4357986450195,39.4160385131836,1.10946643352509,0.02157516,0.03941604,0.00109178,0.125826865434647,0.965799033641815,0.792561531066895,-0.00628343783318996,0.7972731590271,0.273679435253143,True
638609675459673060,20.4561252593994,39.3077163696289,1.19870758056641,0.02052584,0.03930772,0.001190282,0.120070077478886,0.965390980243683,0.791746556758881,-0.0113969156518579,0.7972731590271,0.278792917728424,True
638609675460034460,18.8790416717529,39.3772468566895,0.995907545089722,0.01909797,0.0393155,0.001061532,0.11102370172739,0.967839121818542,0.790524125099182,-0.0177887622267008,0.7972731590271,0.285184770822525,True
638609675460354801,17.6575260162354,39.6235046386719,0.766752958297729,0.01772707,0.03962351,0.000759478,0.104033321142197,0.971103370189667,0.790524125099182,-0.0229022391140461,0.795994758605957,0.294133365154266,True
638609675460684792,16.613166809082,40.1474685668945,0.863071918487549,0.016753,0.04007814,0.0008562087,0.0978653356432915,0.973959565162659,0.793784022331238,-0.0292940866202116,0.795994758605957,0.301803559064865,True
638609675461014358,15.4151086807251,40.5161781311035,0.81268173456192,0.01562442,0.04044692,0.0008005477,0.0908749550580978,0.976815700531006,0.795413970947266,-0.0356859341263771,0.795994758605957,0.308195412158966,True
638609675461343256,14.5907955169678,40.9487800598145,1.00955152511597,0.01465716,0.04090986,0.0009657613,0.0859405696392059,0.97844785451889,0.798673868179321,-0.0407994091510773,0.7972731590271,0.314587265253067,True
638609675461702043,13.6132574081421,41.2259864807129,1.06168437004089,0.01375623,0.04119568,0.001095467,0.080183781683445,0.98007994890213,0.800303816795349,-0.0459128879010677,0.7972731590271,0.319700747728348,True
638609675462021385,12.5641899108887,41.3255577087402,1.09000480175018,0.01270353,0.04132556,0.001079615,0.0740158036351204,0.98089599609375,0.800711274147034,-0.0510263666510582,0.798551499843597,0.322257488965988,True
638609675462348511,11.5854730606079,41.3558158874512,1.11441040039063,0.01165516,0.04135582,0.001109632,0.0682590156793594,0.981303989887238,0.800711274147034,-0.0561398416757584,0.798551499843597,0.326092600822449,True
638609675462688229,10.6770458221436,41.3168182373047,1.13615679740906,0.01074913,0.04135582,0.001169514,0.0629134327173233,0.981303989887238,0.800303816795349,-0.0625316873192787,0.798551499843597,0.328649342060089,True
638609675463027484,9.62931537628174,41.27783203125,1.16099512577057,0.009768717,0.04127783,0.001153019,0.0567454472184181,0.981303989887238,0.79989629983902,-0.0676451697945595,0.798551499843597,0.331206053495407,True
638609675463348024,9.27169418334961,41.2603721618652,1.01444864273071,0.009341337,0.04126037,0.001010622,0.0546894520521164,0.982120096683502,0.799081325531006,-0.0727586448192596,0.79982990026474,0.335041165351868,True
638609675463686897,8.97909832000732,41.3722648620605,0.765526831150055,0.009048638,0.04137227,0.0007618204,0.0530446581542492,0.984160184860229,0.798673868179321,-0.0765937492251396,0.79982990026474,0.337597906589508,True
638609675464005811,8.56145572662354,41.4413108825684,0.779756844043732,0.008631001,0.04144131,0.0007762222,0.0505774617195129,0.984568238258362,0.799081325531006,-0.0765937492251396,0.7972731590271,0.340154647827148,True
638609675464414437,8.3442325592041,41.4925918579102,0.616467535495758,0.008346469,0.04146254,0.0006617687,0.04934386536479,0.985792279243469,0.798673868179321,-0.0817072317004204,0.798551499843597,0.341433018445969,True
638609675464693493,8.27289772033691,41.453670501709,0.582012295722961,0.008272898,0.04145367,0.0005820123,0.0489326678216457,0.985792279243469,0.798266351222992,-0.0842639654874802,0.798551499843597,0.342711389064789,True
638609675465023956,8.13031673431396,41.3758735656738,0.512964010238647,0.008199752,0.04137588,0.0005096066,0.048110269010067,0.985792279243469,0.797451376914978,-0.0855423361063004,0.798551499843597,0.342711389064789,True
638609675465355160,8.06087970733643,41.3758735656738,0.516292929649353,0.00806088,0.04137588,0.0005162929,0.0476990714669228,0.985792279243469,0.797451376914978,-0.0855423361063004,0.7972731590271,0.342711389064789,True
638609675465691757,7.78520631790161,41.345817565918,0.574631214141846,0.007854667,0.04134582,0.0005714157,0.0460542738437653,0.985384285449982,0.797451376914978,-0.0880990773439407,0.798551499843597,0.342711389064789,True
638609675466031023,7.36510419845581,41.2680854797363,0.517450928688049,0.00736676,0.04130694,0.0005553957,0.0435870811343193,0.985384285449982,0.796636402606964,-0.0906558111310005,0.7972731590271,0.341433018445969,True
638609675466360435,6.86787366867065,41.0653038024902,0.264603853225708,0.006938773,0.04110407,0.0002998092,0.0407086908817291,0.985792279243469,0.794191479682922,-0.0944909229874611,0.79982990026474,0.341433018445969,True
638609675466690020,6.10841226577759,41.0051765441895,0.384584575891495,0.006177795,0.04100518,0.0003820586,0.0361855030059814,0.984976232051849,0.794191479682922,-0.0970476642251015,0.795994758605957,0.343989759683609,True
638609675467019134,5.54907608032227,41.0265502929688,0.275043487548828,0.005618415,0.04102655,0.0002727475,0.0328959114849567,0.985792279243469,0.793784022331238,-0.105996243655682,0.795994758605957,0.342711389064789,True
638609675467358054,5.34105682373047,41.0265502929688,0.281760513782501,0.005341057,0.04102655,0.0002817605,0.0316623151302338,0.985792279243469,0.793784022331238,-0.112388096749783,0.795994758605957,0.343989759683609,True
638609675467689641,5.27313232421875,40.9964981079102,0.329276651144028,0.005273133,0.0409965,0.0003292767,0.0312511138617992,0.985384285449982,0.793784022331238,-0.118779942393303,0.795994758605957,0.343989759683609,True
638609675468009723,5.20281887054443,40.8889656066895,0.30055895447731,0.005203994,0.04092769,0.000338664,0.030839916318655,0.984976232051849,0.792969048023224,-0.122615046799183,0.795994758605957,0.343989759683609,True
638609675468340647,4.85668182373047,40.6825675964355,0.332385003566742,0.004924722,0.0407127,0.0002850858,0.0287839230149984,0.983752191066742,0.791746556758881,-0.126450151205063,0.795994758605957,0.342711389064789,True
638609675468695066,3.26049327850342,41.4092903137207,0.336162000894547,0.003330753,0.04137933,0.0003802158,0.0193263478577137,0.987832427024841,0.79622894525528,-0.122615046799183,0.787046194076538,0.35165998339653,True
638609675469019598,0.345962703227997,42.0211906433105,-0.0799861326813698,0.0007613567,0.04192286,-2.812193E-05,0.0020559944678098,0.993544816970825,0.798266351222992,-0.134120374917984,0.787046194076538,0.35165998339653,True
638609675469349095,-3.45703339576721,42.2862358093262,-0.22958642244339,-0.003110671,0.04224728,-0.0002607134,-0.0205599442124367,0.995584964752197,0.799488842487335,-0.155852645635605,0.788324534893036,0.355495095252991,True
638609675469685403,-7.32710695266724,42.2862358093262,-0.353755861520767,-0.006912606,0.04228624,-0.0003361898,-0.0435870811343193,0.995584964752197,0.799488842487335,-0.186533510684967,0.789602935314178,0.360608547925949,True
638609675470026879,-10.9469127655029,41.9893035888672,-0.0938396453857422,-0.01052607,0.04204884,-0.0001582567,-0.064969427883625,0.991504669189453,0.799488842487335,-0.214657634496689,0.790881276130676,0.370835512876511,True
638609675470366171,-13.350058555603,41.363452911377,0.393223583698273,-0.01327356,0.04142362,0.0003083026,-0.0789501890540123,0.984568238258362,0.798266351222992,-0.238946661353111,0.793438017368317,0.384897589683533,True
638609675470755531,-15.3684072494507,40.0862693786621,1.07101404666901,-0.0152204,0.04021679,0.0009870839,-0.0904637575149536,0.973143458366394,0.793784022331238,-0.259400576353073,0.795994758605957,0.402794748544693,True
638609675471017882,-16.1622161865234,39.2382926940918,1.28994226455688,-0.01601787,0.03933864,0.001252047,-0.0949869453907013,0.967023074626923,0.789709150791168,-0.269627511501312,0.7972731590271,0.410464972257614,True
638609675471337257,-16.5313301086426,38.3109321594238,1.46558690071106,-0.01645289,0.03837323,0.00138356,-0.097042940557003,0.960902690887451,0.784819304943085,-0.278576105833054,0.7972731590271,0.419413566589355,True
638609675471697593,-16.5598068237305,37.3188171386719,1.75810384750366,-0.01655551,0.03735029,0.001713923,-0.097042940557003,0.95396625995636,0.779929459095001,-0.282411217689514,0.795994758605957,0.424527019262314,True
638609675472026504,-16.6932563781738,37.1031112670898,1.67882931232452,-0.01669326,0.03710311,0.001678829,-0.0978653356432915,0.953150153160095,0.778299510478973,-0.284967958927155,0.795994758605957,0.425805389881134,True
638609675472355564,-16.7550201416016,37.0964698791504,1.5892847776413,-0.01675502,0.03709647,0.001589285,-0.0982765331864357,0.953558206558228,0.777892053127289,-0.286246329545975,0.795994758605957,0.427083760499954,True
638609675472684303,-16.8024578094482,37.3232383728027,1.35573709011078,-0.01680684,0.03729185,0.001399962,-0.0986877307295799,0.956006348133087,0.778299510478973,-0.287524700164795,0.795994758605957,0.428362131118774,True
638609675473032278,-16.925853729248,37.7646675109863,1.17995655536652,-0.01692202,0.03772645,0.001141523,-0.099510133266449,0.959270596504211,0.780336976051331,-0.287524700164795,0.794716417789459,0.428362131118774,True
638609675473363584,-16.9202404022217,37.9347839355469,1.12373244762421,-0.01692024,0.03793479,0.001123733,-0.099510133266449,0.960494637489319,0.7811518907547,-0.290081441402435,0.795994758605957,0.429640501737595,True
638609675473683163,-16.9158096313477,37.9659614562988,1.07935869693756,-0.01691581,0.03796596,0.001079359,-0.099510133266449,0.960902690887451,0.7811518907547,-0.291359812021255,0.795994758605957,0.429640501737595,True
638609675474013502,-16.9202404022217,37.9347839355469,1.12373244762421,-0.01692024,0.03793479,0.001123733,-0.099510133266449,0.960494637489319,0.7811518907547,-0.293916553258896,0.795994758605957,0.428362131118774,True
638609675474345947,-17.0685386657715,37.8723831176758,1.19846200942993,-0.01699437,0.03790359,0.00116112,-0.100332528352737,0.959678590297699,0.7811518907547,-0.296473264694214,0.795994758605957,0.428362131118774,True
638609675474676774,-17.2912292480469,37.7786407470703,1.31021869182587,-0.01729123,0.03777864,0.001310219,-0.101566128432751,0.958454549312592,0.7811518907547,-0.297751635313034,0.795994758605957,0.428362131118774,True
638609675475026554,-17.8033084869385,37.552417755127,1.48682260513306,-0.01765903,0.03758379,0.001457191,-0.104444518685341,0.956006348133087,0.780744433403015,-0.301586747169495,0.7972731590271,0.427083760499954,True
638609675475357268,-18.1643524169922,37.2109413146973,1.56115007400513,-0.01809448,0.03721094,0.001568605,-0.106500513851643,0.953558206558228,0.779114484786987,-0.305421859025955,0.7972731590271,0.424527019262314,True
638609675475675852,-18.2289543151855,36.786376953125,1.50461363792419,-0.01822422,0.03681795,0.001460554,-0.106911711394787,0.951518058776855,0.776262104511261,-0.309256970882416,0.79982990026474,0.423248648643494,True
638609675476014238,-18.6069736480713,35.2029151916504,2.37975311279297,-0.01859639,0.0354072,0.002282662,-0.108556509017944,0.93805319070816,0.770557284355164,-0.311813712120056,0.79982990026474,0.421970278024673,True
638609675476343371,-18.8550434112549,33.3576354980469,2.05319499969482,-0.01879316,0.03350231,0.002135201,-0.110201299190521,0.929484605789185,0.757925152778625,-0.318205565214157,0.80238664150238,0.419413566589355,True
638609675476702624,-19.1351737976074,31.74045753479,2.65480375289917,-0.01912998,0.03184367,0.002608385,-0.111434899270535,0.917243838310242,0.75099790096283,-0.319483935832977,0.79982990026474,0.421970278024673,True
638609675477012900,-19.268424987793,30.2864780426025,3.20727586746216,-0.01925375,0.03045741,0.003076605,-0.111846096813679,0.906227111816406,0.744885623455048,-0.323319047689438,0.79982990026474,0.421970278024673,True
638609675477342096,-19.9186992645264,29.0772743225098,3.88682270050049,-0.01983787,0.02921592,0.003808169,-0.115135692059994,0.895618438720703,0.741218209266663,-0.328432500362396,0.801108241081238,0.420691907405853,True
638609675477680986,-21.4685764312744,27.99928855896,3.06674385070801,-0.02119132,0.02810607,0.003139971,-0.124593265354633,0.892762243747711,0.731846034526825,-0.341216206550598,0.806221723556519,0.414300084114075,True
638609675478013467,-23.3549041748047,27.1026210784912,3.76062774658203,-0.02304384,0.02727512,0.003590303,-0.134873241186142,0.882969617843628,0.731031060218811,-0.346329689025879,0.803664982318878,0.414300084114075,True
638609675478352419,-23.8308162689209,25.8254814147949,3.55281114578247,-0.02383067,0.02589625,0.003551743,-0.137751623988152,0.876441180706024,0.722881317138672,-0.360391736030579,0.807500123977661,0.409186601638794,True
638609675478672379,-23.925708770752,24.9777355194092,3.71708655357361,-0.02392561,0.02504857,0.003716361,-0.138162821531296,0.87072879076004,0.718806445598602,-0.3680619597435,0.807500123977661,0.405351489782333,True
638609675478997016,-23.8980464935303,24.3037643432617,3.51815724372864,-0.02389805,0.02430377,0.003518157,-0.138162821531296,0.867872595787048,0.713916599750519,-0.37189707159996,0.807500123977661,0.402794748544693,True
638609675479344819,-23.8529109954834,23.6665515899658,3.19354343414307,-0.02385859,0.02370192,0.0032344,-0.138162821531296,0.865832507610321,0.708619296550751,-0.375732183456421,0.807500123977661,0.395124524831772,True
638609675479693438,-23.7910003662109,22.8169956207275,3.78596258163452,-0.02378538,0.02292341,0.00374531,-0.137340426445007,0.858079969882965,0.706581890583038,-0.374453812837601,0.804943382740021,0.391289412975311,True
638609675480013544,-23.7283706665039,22.0765972137451,3.33282089233398,-0.02373406,0.02211162,0.003373981,-0.137340426445007,0.856039822101593,0.700062096118927,-0.378288924694061,0.806221723556519,0.381062477827072,True
638609675480353011,-23.7389526367188,21.4396133422852,3.40937972068787,-0.02373905,0.02151032,0.003410083,-0.137340426445007,0.851959586143494,0.696802198886871,-0.378288924694061,0.804943382740021,0.375948995351791,True
638609675480673476,-23.6814289093018,20.8801403045654,2.99317932128906,-0.02368716,0.0209148,0.003034635,-0.137340426445007,0.850735485553741,0.691504836082458,-0.380845665931702,0.806221723556519,0.36700040102005,True
638609675481016181,-23.85231590271,20.0899448394775,3.70789766311646,-0.02383558,0.02019851,0.003587157,-0.137751623988152,0.842574954032898,0.690689861774445,-0.379567295312881,0.804943382740021,0.363165289163589,True
638609675481356767,-23.8914546966553,18.9974460601807,3.47074007987976,-0.02389169,0.01906818,0.00347243,-0.138162821531296,0.837270617485046,0.683355152606964,-0.382124036550522,0.806221723556519,0.356773465871811,True
638609675481676843,-24.4694385528564,17.8263854980469,3.48176980018616,-0.02439344,0.01793386,0.003454207,-0.141452416777611,0.829926133155823,0.677242815494537,-0.383402407169342,0.806221723556519,0.35038161277771,True
638609675482095979,-25.1714458465576,13.9546213150024,4.8383617401123,-0.02516075,0.01410173,0.004764762,-0.144330814480782,0.800140202045441,0.663388252258301,-0.3885158598423,0.808778464794159,0.342711389064789,True
638609675482422748,-25.4580631256104,10.3357515335083,4.3155345916748,-0.02538525,0.01073021,0.004313647,-0.146386802196503,0.780554890632629,0.64138400554657,-0.400021195411682,0.81389194726944,0.331206053495407,True
638609675482691042,-26.1649188995361,8.04501152038574,4.19009876251221,-0.02601922,0.008226492,0.004186371,-0.150498792529106,0.766682028770447,0.629159390926361,-0.403856307268143,0.815170288085938,0.326092600822449,True
638609675483066784,-27.2400150299072,4.97256183624268,4.55875062942505,-0.02707946,0.00541766,0.004464029,-0.156255573034286,0.745464622974396,0.616119801998138,-0.411526530981064,0.812613546848297,0.318422377109528,True
638609675483365781,-27.2135238647461,3.45905685424805,4.85387086868286,-0.02720344,0.003611234,0.004789673,-0.155844375491142,0.734855949878693,0.610007524490356,-0.423031836748123,0.81389194726944,0.310752153396606,True
638609675483687256,-26.9828987121582,2.05488586425781,5.71931934356689,-0.02696083,0.002218017,0.00557695,-0.153788387775421,0.722615122795105,0.607562601566315,-0.425588577985764,0.81389194726944,0.306917041540146,True
638609675484026151,-26.8467273712158,0.308923810720444,6.26357126235962,-0.02683877,0.0005354881,0.006211807,-0.152554795145988,0.709558308124542,0.601857781410217,-0.428145319223404,0.815170288085938,0.301803559064865,True
638609675484350712,-26.7624588012695,-1.32312273979187,6.67368459701538,-0.02675868,-0.001209243,0.006648982,-0.151732385158539,0.697725534439087,0.59615296125412,-0.426866948604584,0.81644868850708,0.297968477010727,True
638609675484690920,-26.7931938171387,-2.75322127342224,6.87468576431274,-0.02678434,-0.002596918,0.006816772,-0.151732385158539,0.687932848930359,0.590448141098022,-0.426866948604584,0.815170288085938,0.294133365154266,True
638609675485019811,-26.6192436218262,-4.12780904769897,7.18605947494507,-0.0266072,-0.003856027,0.007106629,-0.150498792529106,0.678140223026276,0.585558354854584,-0.426866948604584,0.815170288085938,0.285184770822525,True
638609675485358669,-26.1785697937012,-5.46096229553223,7.69703722000122,-0.02624771,-0.005345681,0.007664454,-0.147620394825935,0.66793954372406,0.581890940666199,-0.425588577985764,0.81644868850708,0.277514547109604,True
638609675485698434,-25.6412220001221,-6.890221118927,8.07059192657471,-0.0257173,-0.006744809,0.008084275,-0.144330814480782,0.657738924026489,0.577001094818115,-0.424310207366943,0.815170288085938,0.267287611961365,True
638609675486009003,-25.1319999694824,-8.1779613494873,8.65592956542969,-0.02519269,-0.007974963,0.00856063,-0.141041219234467,0.647538244724274,0.574148714542389,-0.420475095510483,0.815170288085938,0.257060647010803,True
638609675486348984,-24.7102832794189,-9.5750150680542,9.35953235626221,-0.02470321,-0.00941436,0.009308662,-0.138162821531296,0.636113524436951,0.571703791618347,-0.415361613035202,0.81389194726944,0.249390423297882,True
638609675486688360,-24.4913101196289,-10.8627901077271,9.39182281494141,-0.0244951,-0.01071644,0.009419302,-0.136929228901863,0.627952992916107,0.56599897146225,-0.417918354272842,0.81644868850708,0.236606732010841,True
638609675487007318,-24.2982273101807,-12.1540079116821,9.61377716064453,-0.02429163,-0.01199218,0.009565427,-0.13569563627243,0.618976354598999,0.561516582965851,-0.417918354272842,0.817727029323578,0.226379781961441,True
638609675487346544,-23.7245712280273,-13.5443048477173,10.3435592651367,-0.02372048,-0.01349964,0.01031276,-0.131994843482971,0.607551634311676,0.559479176998138,-0.415361613035202,0.81644868850708,0.217431202530861,True
638609675487686804,-22.4431018829346,-15.7670526504517,10.8478937149048,-0.02250936,-0.01548442,0.01077957,-0.124593265354633,0.592046618461609,0.552144408226013,-0.415361613035202,0.820283770561218,0.204647496342659,True
638609675488025693,-20.6679382324219,-17.9517936706543,11.6626091003418,-0.02081301,-0.01771278,0.01161989,-0.114313289523125,0.575725555419922,0.546847105026245,-0.410248160362244,0.820283770561218,0.193142175674438,True
638609675488336514,-18.1552429199219,-20.3273506164551,12.7402753829956,-0.0185135,-0.01990219,0.01256549,-0.0999213308095932,0.557364344596863,0.542364716529846,-0.400021195411682,0.817727029323578,0.185471966862679,True
638609675488687769,-15.6235809326172,-22.5195178985596,13.8735494613647,-0.01591676,-0.02218382,0.01377297,-0.0855293720960617,0.539819240570068,0.53951233625412,-0.389794230461121,0.817727029323578,0.176523372530937,True
638609675489008113,-14.0230703353882,-23.9144725799561,14.6412210464478,-0.01416868,-0.02369874,0.01456659,-0.0764829963445663,0.528394460678101,0.538289844989777,-0.380845665931702,0.81644868850708,0.168853163719177,True
638609675489340251,-12.8587827682495,-24.9037132263184,15.2999362945557,-0.0129286,-0.02476209,0.01521367,-0.0699038133025169,0.51982593536377,0.538289844989777,-0.374453812837601,0.81644868850708,0.162461310625076,True
638609675489682558,-12.0473184585571,-25.4238319396973,15.6517200469971,-0.01204557,-0.02537649,0.01562495,-0.0653806254267693,0.515337646007538,0.538289844989777,-0.37061870098114,0.81644868850708,0.153512731194496,True
638609675490122077,-10.7713241577148,-25.6328201293945,15.9116134643555,-0.01076977,-0.02558543,0.01588493,-0.0583902411162853,0.513297498226166,0.538697361946106,-0.365505218505859,0.817727029323578,0.144564136862755,True
638609675490450998,-9.48301315307617,-25.6328201293945,15.9824066162109,-0.009634605,-0.02563282,0.01597455,-0.0513998605310917,0.513297498226166,0.538697361946106,-0.359113365411758,0.817727029323578,0.139450669288635,True
638609675490762327,-8.06493282318115,-25.7692756652832,16.5631561279297,-0.008293035,-0.02576928,0.01655307,-0.0435870811343193,0.510441303253174,0.541549742221832,-0.35272154211998,0.81900542974472,0.135615557432175,True
638609675491112305,-6.24909973144531,-26.045804977417,16.9122924804688,-0.006477634,-0.02604581,0.01690444,-0.0337183102965355,0.507585108280182,0.542364716529846,-0.346329689025879,0.81900542974472,0.133058816194534,True
638609675491546477,-3.54233503341675,-25.2518501281738,18.9026947021484,-0.004267646,-0.0261214,0.01694841,-0.0189151484519243,0.505136966705322,0.557849228382111,-0.323319047689438,0.808778464794159,0.139450669288635,True
638609675491866616,-0.920343697071075,-26.5566806793213,18.16481590271,-0.001151571,-0.02644328,0.01834896,-0.00493438681587577,0.499832600355148,0.548069536685944,-0.322040677070618,0.817727029323578,0.127945348620415,True
638609675492106559,0.61219847202301,-26.3639907836914,17.7510166168213,0.0003061428,-0.02641167,0.01777798,0.00328959105536342,0.502688765525818,0.546032130718231,-0.311813712120056,0.817727029323578,0.125388607382774,True
638609675492446414,1.8327808380127,-26.3423252105713,17.3591384887695,0.001756857,-0.02631421,0.01740637,0.00986877363175154,0.504320919513702,0.543587207794189,-0.297751635313034,0.817727029323578,0.122831866145134,True
638609675492791256,2.13417768478394,-26.4909591674805,17.0037727355957,0.002134714,-0.02646298,0.01705035,0.0115135684609413,0.50472891330719,0.540734767913818,-0.287524700164795,0.817727029323578,0.118996754288673,True
638609675493111899,2.51165723800659,-26.4598655700684,16.7335605621338,0.002512015,-0.02650747,0.01675992,0.013569563627243,0.505953013896942,0.539104819297791,-0.282411217689514,0.817727029323578,0.115161649882793,True
638609675493450725,3.1183705329895,-26.3450202941895,16.598482131958,0.00304232,-0.02634502,0.01659975,0.0168591551482677,0.507177114486694,0.538697361946106,-0.276019364595413,0.81644868850708,0.111326538026333,True
638609675493790958,3.42121624946594,-26.3253307342529,16.5200290679932,0.003421217,-0.02632533,0.01652003,0.0185039509087801,0.507585108280182,0.538289844989777,-0.273462623357773,0.81644868850708,0.104934692382813,True
638609675494111044,4.0309362411499,-26.3450202941895,16.5808429718018,0.004030936,-0.02634502,0.01658084,0.0217935405671597,0.507177114486694,0.538697361946106,-0.270905882120132,0.817727029323578,0.097264476120472,True
638609675494442396,5.02609729766846,-26.4516353607178,16.8019962310791,0.004873134,-0.02640404,0.01677972,0.0271391272544861,0.50554496049881,0.539919793605804,-0.267070770263672,0.817727029323578,0.0870375260710716,True
638609675494780842,6.03034591674805,-26.8163280487061,17.221118927002,0.00587773,-0.02681633,0.01722602,0.0324847139418125,0.50146472454071,0.541549742221832,-0.264514058828354,0.81900542974472,0.0780889391899109,True
638609675495133837,7.94474697113037,-26.7799301147461,17.3149566650391,0.007715706,-0.02677993,0.01732462,0.0427646860480309,0.501056671142578,0.542772233486176,-0.258122205734253,0.81644868850708,0.0729754641652107,True
638609675495612344,11.910530090332,-26.608736038208,17.0707416534424,0.01175804,-0.02660874,0.01708048,0.064147025346756,0.50228077173233,0.54317969083786,-0.244060128927231,0.817727029323578,0.0627485066652298,True
638609675495781770,13.284049987793,-26.5329570770264,16.9977626800537,0.01313162,-0.02653296,0.01700862,0.0715486034750938,0.502688765525818,0.543587207794189,-0.237668290734291,0.817727029323578,0.0589133985340595,True
638609675496105332,15.8933076858521,-26.2686538696289,17.0194683074951,0.01558839,-0.02626866,0.01704536,0.0855293720960617,0.503504872322083,0.546032130718231,-0.22360622882843,0.817727029323578,0.0537999197840691,True
638609675496464089,18.4013385772705,-26.0498809814453,16.7282962799072,0.01817559,-0.0260975,0.01677705,0.0990989357233047,0.505136966705322,0.546439588069916,-0.210822537541389,0.817727029323578,0.0448513366281986,True
638609675496812945,20.5142154693604,-25.8877334594727,16.3531875610352,0.02044117,-0.02593531,0.01638785,0.110612504184246,0.506769061088562,0.546032130718231,-0.196760475635529,0.81644868850708,0.0295109041035175,True
638609675497131868,22.149435043335,-25.8102531433105,15.8705101013184,0.02200344,-0.0257821,0.01593481,0.119658879935741,0.508401155471802,0.544402182102203,-0.185255140066147,0.81644868850708,0.0141704715788364,True
638609675497450779,23.411506652832,-25.6764698028564,15.5136842727661,0.02311486,-0.02564836,0.01559808,0.126649260520935,0.510033249855042,0.543587207794189,-0.175028190016747,0.815170288085938,0.00266514741815627,True
638609675497800050,24.3414821624756,-25.409200668335,14.9901399612427,0.02419678,-0.02538116,0.01505624,0.131994843482971,0.513297498226166,0.541957259178162,-0.166079610586166,0.81389194726944,-0.00628343783318996,True
638609675498129137,25.0570888519287,-25.1336975097656,14.6104650497437,0.02491652,-0.02515303,0.01470375,0.136106833815575,0.516153693199158,0.541142284870148,-0.158409386873245,0.81389194726944,-0.0139536540955305,True
638609675498467998,25.7087783813477,-24.9252052307129,14.3371591567993,0.0256374,-0.02497248,0.01437439,0.139807626605034,0.518193781375885,0.540734767913818,-0.153295919299126,0.81389194726944,-0.0190671309828758,True
638609675498789938,26.2980613708496,-24.7834529876709,14.1714897155762,0.02622301,-0.02478345,0.01418229,0.143097206950188,0.519417881965637,0.540734767913818,-0.149460807442665,0.81389194726944,-0.0229022391140461,True
638609675499111630,27.2424583435059,-24.5282096862793,13.8216161727905,0.02709662,-0.02457539,0.01387078,0.148442804813385,0.521866023540497,0.540327310562134,-0.145625695586205,0.81389194726944,-0.0267373472452164,True
638609675499440583,28.4713344573975,-24.2541732788086,13.3465967178345,0.02840083,-0.02430127,0.01338521,0.155433177947998,0.524722218513489,0.53951233625412,-0.135398745536804,0.81389194726944,-0.0305724553763866,True
638609675499781013,29.5651168823242,-23.9718341827393,13.0057725906372,0.02949054,-0.02397184,0.01301791,0.161601170897484,0.527170419692993,0.53951233625412,-0.123893417418003,0.812613546848297,-0.0318508259952068,True
638609675500123452,30.7831535339355,-23.2587394714355,12.5069227218628,0.03064363,-0.02335249,0.01258665,0.168591544032097,0.532882750034332,0.540327310562134,-0.109831355512142,0.811335206031799,-0.0344075635075569,True
638609675500448273,31.9852428436279,-22.4543857574463,11.9411888122559,0.03184182,-0.02250108,0.01199494,0.175581932067871,0.539411187171936,0.541142284870148,-0.100882768630981,0.811335206031799,-0.0382426716387272,True
638609675500778031,32.5619888305664,-21.6159172058105,11.3235712051392,0.03256703,-0.0216624,0.0113514,0.179282709956169,0.54675567150116,0.541142284870148,-0.0919341817498207,0.811335206031799,-0.0420777797698975,True
638609675501104400,32.9959526062012,-20.5583744049072,10.7781181335449,0.03286413,-0.02069713,0.01088976,0.18216110765934,0.555324256420135,0.542364716529846,-0.0868207067251205,0.810056805610657,-0.0471912585198879,True
638609675501648928,33.731689453125,-18.4793815612793,9.43266201019287,0.03374269,-0.01857083,0.009490615,0.187506690621376,0.573277413845062,0.54317969083786,-0.0817072317004204,0.811335206031799,-0.0561398416757584,True
638609675501788504,34.1244888305664,-17.6088790893555,9.11112976074219,0.03406835,-0.01774549,0.009212891,0.189973890781403,0.579805850982666,0.545217156410217,-0.07915049046278,0.811335206031799,-0.0561398416757584,True
638609675502108450,35.5773887634277,-15.8148107528687,7.67267942428589,0.03545067,-0.01594998,0.007791587,0.199431464076042,0.595718860626221,0.545624613761902,-0.0753153786063194,0.811335206031799,-0.0586965791881084,True
638609675502459443,37.3781127929688,-13.6029748916626,6.20754766464233,0.03732597,-0.01373644,0.006314802,0.210945025086403,0.61408007144928,0.548477053642273,-0.0650884285569191,0.811335206031799,-0.0599749498069286,True
638609675502798335,39.2424087524414,-11.091609954834,4.14450597763062,0.03906522,-0.01131055,0.00435029,0.223692193627357,0.636521518230438,0.549699485301971,-0.049747996032238,0.810056805610657,-0.0612533204257488,True
638609675503128154,41.316951751709,-8.59212684631348,2.20380878448486,0.04099115,-0.008907647,0.002392281,0.237672954797745,0.658146917819977,0.552551925182343,-0.0318508259952068,0.808778464794159,-0.0638100579380989,True
638609675503457588,43.4329643249512,-3.99617600440979,4.40542030334473,0.04307764,-0.00432219,0.004191766,0.246308133006096,0.676508128643036,0.589633166790009,0.000108408770756796,0.794716417789459,-0.0510263666510582,True
638609675503796749,45.637638092041,0.184199303388596,2.72400569915771,0.04545961,-0.0003841331,0.002904633,0.260700106620789,0.707110106945038,0.603487730026245,0.0116137331351638,0.79982990026474,-0.0599749498069286,True
638609675504129052,44.8853759765625,5.61804723739624,2.72565865516663,0.04500359,0.004752777,0.002603354,0.256588101387024,0.741384387016296,0.62956690788269,0.0346243791282177,0.793438017368317,-0.0561398416757584,True
638609675504459283,43.5823860168457,9.70240783691406,1.45203447341919,0.04376372,0.009221278,0.001578068,0.251242518424988,0.773210465908051,0.642198979854584,0.038459487259388,0.794716417789459,-0.0574182122945786,True
638609675504801224,42.8190422058105,13.1889839172363,2.85639882087708,0.04284589,0.01291087,0.002664931,0.245074540376663,0.788715481758118,0.667055666446686,0.0461297035217285,0.789602935314178,-0.0510263666510582,True
638609675505168577,42.9371566772461,16.4632472991943,3.02925205230713,0.04287061,0.01584917,0.003062604,0.245485737919807,0.807076632976532,0.685800015926361,0.0448513366281986,0.792159676551819,-0.0523047335445881,True
638609675505479422,42.2971992492676,18.7668628692627,1.95949482917786,0.04232612,0.01865618,0.00207593,0.243429750204086,0.826253890991211,0.692319810390472,0.0448513366281986,0.794716417789459,-0.0523047335445881,True
638609675505789620,41.3216247558594,20.5153846740723,2.53014969825745,0.04136261,0.02040998,0.002392287,0.237261757254601,0.834822475910187,0.703729450702667,0.0499648116528988,0.792159676551819,-0.0471912585198879,True
638609675506128491,41.1293411254883,21.5509128570557,2.96791386604309,0.04111974,0.02151544,0.002927888,0.235616967082024,0.838902711868286,0.711471676826477,0.0448513366281986,0.792159676551819,-0.0446345172822475,True
638609675506477728,40.5390930175781,22.8804092407227,2.99044299125671,0.04067991,0.02273682,0.002956722,0.232327371835709,0.84706324338913,0.718398988246918,0.0435729660093784,0.793438017368317,-0.0407994091510773,True
638609675506807068,39.5212783813477,23.7770042419434,2.76598787307739,0.03959169,0.0237054,0.002749931,0.226981788873672,0.854407727718353,0.721251368522644,0.0397378578782082,0.795994758605957,-0.0382426716387272,True
638609675507126615,38.199821472168,24.9261703491211,3.47709631919861,0.03830581,0.02478139,0.003287404,0.218757808208466,0.858896017074585,0.729808628559113,0.038459487259388,0.793438017368317,-0.0292940866202116,True
638609675507469017,37.3470268249512,26.4333324432373,3.64289116859436,0.03740948,0.02632502,0.003589497,0.213823422789574,0.867464601993561,0.738365828990936,0.0333460122346878,0.794716417789459,-0.0241806078702211,True
638609675507811421,35.9240989685059,28.6480388641357,3.55590009689331,0.03607541,0.02839855,0.003573725,0.206010639667511,0.881745517253876,0.749367952346802,0.0282325334846973,0.794716417789459,-0.0177887622267008,True
638609675508130594,34.2378883361816,30.2137126922607,3.59258365631104,0.03445163,0.02999925,0.003558481,0.196553066372871,0.891946196556091,0.757110178470612,0.021840687841177,0.7972731590271,-0.0152320228517056,True
638609675508488844,32.6489639282227,31.5489311218262,3.34063696861267,0.03287742,0.03141014,0.003387364,0.18791788816452,0.902146875858307,0.762407541275024,0.0141704715788364,0.7972731590271,-0.0101185459643602,True
638609675508828029,31.341911315918,32.6251907348633,2.98475956916809,0.0314208,0.0325208,0.003017887,0.180927515029907,0.91112345457077,0.766074895858765,0.00522188609465957,0.7972731590271,-0.00372669915668666,True
638609675509166769,30.0689888000488,33.5383148193359,2.3639760017395,0.03030297,0.03336868,0.002458704,0.174348324537277,0.920508027076721,0.767704844474792,-0.00244832993485034,0.7972731590271,0.00522188609465957,True
638609675509475652,29.0445041656494,34.0809631347656,2.71724605560303,0.02910831,0.03404308,0.002666891,0.168180346488953,0.922548174858093,0.771779716014862,-0.00628343783318996,0.795994758605957,0.0180055797100067,True
638609675509824586,28.1390247344971,35.021556854248,2.05106163024902,0.02828709,0.03491867,0.002075667,0.163657158613205,0.931932806968689,0.773817181587219,-0.0139536540955305,0.7972731590271,0.0307892728596926,True
638609675510153518,27.0913696289063,35.9402885437012,2.70000576972961,0.02721383,0.03582553,0.002563328,0.157077983021736,0.934380948543549,0.781559407711029,-0.0152320228517056,0.794716417789459,0.0461297035217285,True
638609675510492231,26.0434417724609,36.370059967041,2.91392612457275,0.02617847,0.03633169,0.002854424,0.15090999007225,0.936421096324921,0.784411787986755,-0.0216238703578711,0.795994758605957,0.0563566610217094,True
638609675510831070,24.5278930664063,36.9156799316406,2.38299345970154,0.0246746,0.03688373,0.002406352,0.142686009407043,0.943357527256012,0.784411787986755,-0.0292940866202116,0.798551499843597,0.0614701360464096,True
638609675511159347,22.910608291626,37.0563316345215,2.59619855880737,0.02312147,0.03705633,0.002567806,0.133228436112404,0.944173574447632,0.785226762294769,-0.0344075635075569,0.795994758605957,0.0729754641652107,True
638609675511498339,21.543794631958,36.6916389465332,3.0955798625946,0.02174974,0.0367237,0.003025261,0.125004455447197,0.94050133228302,0.784411787986755,-0.0446345172822475,0.798551499843597,0.0819240435957909,True
638609675511846696,20.1734848022461,36.5200386047363,2.39748787879944,0.02039391,0.03652633,0.002454596,0.11760288476944,0.944173574447632,0.779522001743317,-0.0548614710569382,0.801108241081238,0.0895942598581314,True
638609675512159989,18.85817527771,36.3922691345215,2.725013256073,0.0190692,0.03639227,0.00270162,0.109790101647377,0.942541480064392,0.779522001743317,-0.0586965791881084,0.798551499843597,0.0998212173581123,True
638609675512498915,17.8706684112549,36.1435890197754,2.80815029144287,0.01801142,0.03614359,0.002793396,0.104033321142197,0.94131737947464,0.777892053127289,-0.0689235329627991,0.798551499843597,0.108769804239273,True
638609675512827716,16.6857528686523,36.3805351257324,2.3240807056427,0.01683044,0.03634869,0.002354207,0.0974541381001472,0.945805728435516,0.776669561862946,-0.0778721198439598,0.79982990026474,0.115161649882793,True
638609675513147483,15.5032625198364,36.4248924255371,2.5576536655426,0.01564381,0.03642489,0.002544846,0.0904637575149536,0.945397675037384,0.777484536170959,-0.08298559486866,0.7972731590271,0.124110236763954,True
638609675513495835,14.0043344497681,36.7554092407227,2.41018533706665,0.01414841,0.03672369,0.002442669,0.0818285793066025,0.948661863803864,0.778299510478973,-0.0906558111310005,0.7972731590271,0.130502074956894,True
638609675513864916,12.6169471740723,37.3300018310547,1.80149710178375,0.0127602,0.03729859,0.001835367,0.0740158036351204,0.9555983543396,0.778707027435303,-0.103439509868622,0.798551499843597,0.136893928050995,True
638609675514136864,12.0003309249878,37.5906677246094,2.03391575813293,0.01214045,0.03759067,0.002023989,0.0703150108456612,0.956006348133087,0.7811518907547,-0.109831355512142,0.7972731590271,0.143285781145096,True
638609675514475712,11.3722629547119,37.6289367675781,2.11565184593201,0.01144236,0.03762894,0.002110961,0.0666142180562019,0.956006348133087,0.781559407711029,-0.117501571774483,0.7972731590271,0.148399248719215,True
638609675514804606,11.0131568908691,37.7230033874512,2.00555062294006,0.01101316,0.037723,0.002005551,0.0645582228899002,0.957230448722839,0.781559407711029,-0.123893417418003,0.7972731590271,0.150955989956856,True
638609675515153948,10.8705959320068,37.6847381591797,1.97605061531067,0.0108706,0.03768474,0.001976051,0.0637358278036118,0.957230448722839,0.7811518907547,-0.130285263061523,0.7972731590271,0.154791101813316,True
638609675515475122,10.7288265228271,37.5073356628418,1.9581047296524,0.01072883,0.03750734,0.001958105,0.0629134327173233,0.956414401531219,0.779929459095001,-0.132842004299164,0.798551499843597,0.158626213669777,True
638609675515798144,10.6407995223999,37.4486236572266,1.67497134208679,0.0106408,0.03744863,0.001674971,0.0625022277235985,0.957638442516327,0.778299510478973,-0.135398745536804,0.798551499843597,0.159904569387436,True
638609675516139016,10.4927358627319,37.5424766540527,1.55036520957947,0.0105626,0.03754248,0.001546036,0.06167983263731,0.958862543106079,0.778299510478973,-0.135398745536804,0.7972731590271,0.161182940006256,True
638609675516480398,10.4841327667236,37.7055130004883,1.41106784343719,0.01048413,0.03770551,0.001411068,0.06167983263731,0.960494637489319,0.778707027435303,-0.135398745536804,0.7972731590271,0.162461310625076,True
638609675516824280,10.4139642715454,37.7748603820801,1.40945279598236,0.01041397,0.03777486,0.001409453,0.0612686350941658,0.960902690887451,0.779114484786987,-0.136677116155624,0.7972731590271,0.162461310625076,True
638609675517137589,10.3414449691772,37.8060150146484,1.36919629573822,0.01041397,0.03777486,0.001409453,0.0608574375510216,0.961310684680939,0.779114484786987,-0.136677116155624,0.795994758605957,0.163739681243896,True
638609675517472242,10.3414449691772,37.8060150146484,1.36919629573822,0.01034145,0.03780602,0.001369196,0.0608574375510216,0.961310684680939,0.779114484786987,-0.136677116155624,0.795994758605957,0.163739681243896,True
638609675517811108,10.1294136047363,37.8371543884277,1.33728384971619,0.01012941,0.03783716,0.001337284,0.0596238374710083,0.961718738079071,0.779114484786987,-0.136677116155624,0.795994758605957,0.165018051862717,True
638609675518130236,9.50136852264404,37.8371543884277,1.37360858917236,0.009571158,0.03783716,0.001369687,0.0559230484068394,0.961718738079071,0.779114484786987,-0.136677116155624,0.795994758605957,0.165018051862717,True
638609675518488225,8.66543960571289,37.9446640014648,1.45104694366455,0.008805081,0.03794467,0.001443863,0.0509886629879475,0.962126791477203,0.779929459095001,-0.139233842492104,0.795994758605957,0.166296422481537,True
638609675518817430,8.17674541473389,38.3988723754883,1.47726905345917,0.008244709,0.03836056,0.001435407,0.048110269010067,0.964574933052063,0.782781839370728,-0.143068954348564,0.795994758605957,0.168853163719177,True
638609675519126561,7.20061492919922,38.8916320800781,1.560662150383,0.007340622,0.03882229,0.001561055,0.0423534847795963,0.967023074626923,0.786041736602783,-0.146904066205025,0.7972731590271,0.170131534337997,True
638609675519485382,6.20705652236938,39.7608070373535,1.18127346038818,0.006348412,0.03966103,0.001227793,0.0365967005491257,0.973959565162659,0.789709150791168,-0.154574275016785,0.7972731590271,0.171409904956818,True
638609675519834910,5.37331581115723,40.5382461547852,1.30026400089264,0.005513063,0.04046904,0.001302834,0.0316623151302338,0.977631747722626,0.795006453990936,-0.159687757492065,0.798551499843597,0.173966646194458,True
638609675520163820,5.09861850738525,40.7627983093262,1.4537478685379,0.005098833,0.04069353,0.001460886,0.0300175193697214,0.978039801120758,0.797043919563293,-0.166079610586166,0.79982990026474,0.176523372530937,True
638609675520473228,3.72239685058594,42.1965026855469,2.42571306228638,0.00386132,0.0420482,0.002355346,0.0217935405671597,0.980487942695618,0.810083448886871,-0.160966128110886,0.790881276130676,0.188028708100319,True
638609675520805103,1.95809888839722,43.2035522460938,1.71128463745117,0.002098057,0.04313421,0.001717752,0.0115135684609413,0.989872574806213,0.813343346118927,-0.172471448779106,0.794716417789459,0.186750337481499,True
638609675521136490,-0.838649213314056,43.7878799438477,1.60879337787628,-0.0003493619,0.04374829,0.00157329,-0.00493438681587577,0.993544816970825,0.816603243350983,-0.183976769447327,0.794716417789459,0.189307063817978,True
638609675521471582,-4.12427949905396,43.6888618469238,1.61478126049042,-0.003844717,0.04368886,0.001621335,-0.0242607351392508,0.992728769779205,0.816195785999298,-0.203152313828468,0.7972731590271,0.195698916912079,True
638609675521820411,-7.8904390335083,43.4613723754883,1.34071719646454,-0.00754154,0.04346137,0.001356581,-0.0464654751121998,0.992320716381073,0.814158320426941,-0.22488459944725,0.79982990026474,0.205925866961479,True
638609675522139387,-10.9023590087891,42.8174018859863,1.37573516368866,-0.01048029,0.04291667,0.00134877,-0.064147025346756,0.987832427024841,0.810898423194885,-0.249173611402512,0.80238664150238,0.216152831912041,True
638609675522488187,-12.0966444015503,41.9536285400391,2.39954686164856,-0.01209027,0.04201446,0.002309541,-0.0707262083888054,0.977223753929138,0.810083448886871,-0.270905882120132,0.80238664150238,0.231493264436722,True
638609675522818632,-12.6732511520386,41.2334861755371,2.56080436706543,-0.01260243,0.04130337,0.00255866,-0.0740158036351204,0.972327411174774,0.806416094303131,-0.286246329545975,0.803664982318878,0.240441843867302,True
638609675523257664,-13.1519346237183,40.052074432373,2.35213708877563,-0.01308411,0.04016082,0.002388462,-0.0768941938877106,0.967023074626923,0.798266351222992,-0.296473264694214,0.804943382740021,0.246833696961403,True
638609675523598008,-13.4347734451294,39.0797080993652,3.25893878936768,-0.0134308,0.03918121,0.003208119,-0.0781277865171432,0.956822395324707,0.79622894525528,-0.297751635313034,0.801108241081238,0.254503905773163,True
638609675523927470,-13.8330535888672,38.3805541992188,2.91487407684326,-0.01376263,0.03838056,0.002920548,-0.0805949792265892,0.95478230714798,0.790524125099182,-0.302865117788315,0.80238664150238,0.254503905773163,True
638609675524277622,-14.5194263458252,38.397575378418,2.64752960205078,-0.01437879,0.03839758,0.002659413,-0.0847069695591927,0.956006348133087,0.789709150791168,-0.305421859025955,0.79982990026474,0.257060647010803,True
638609675524597898,-15.0745887756348,38.3903694152832,2.51644277572632,-0.01500433,0.03839037,0.002522627,-0.0879965648055077,0.956414401531219,0.789301633834839,-0.307978600263596,0.79982990026474,0.259617388248444,True
638609675524929962,-15.8010120391846,38.2718963623047,2.71231436729431,-0.01573067,0.0382719,0.002718797,-0.0921085476875305,0.954374253749847,0.789709150791168,-0.309256970882416,0.798551499843597,0.264730870723724,True
638609675525267467,-16.4399604797363,38.0302352905273,2.71501994132996,-0.01636962,0.03803024,0.002721766,-0.0958093404769897,0.952742159366608,0.788486659526825,-0.313092082738876,0.79982990026474,0.266009241342545,True
638609675525587337,-16.7000675201416,37.6593132019043,2.4705126285553,-0.01663355,0.03769774,0.002515606,-0.0974541381001472,0.951926112174988,0.785226762294769,-0.315648823976517,0.79982990026474,0.267287611961365,True
638609675525926211,-16.7753734588623,37.0293884277344,2.51523280143738,-0.0167705,0.03713109,0.002465602,-0.0978653356432915,0.948253870010376,0.781559407711029,-0.316927194595337,0.79982990026474,0.267287611961365,True
638609675526256043,-16.8060359954834,36.2076187133789,2.8275511264801,-0.01680552,0.03627775,0.002822265,-0.0978653356432915,0.942133486270905,0.777892053127289,-0.316927194595337,0.79982990026474,0.267287611961365,True
638609675526817375,-16.89089012146,34.8307342529297,2.24890685081482,-0.01689475,0.03486845,0.002287837,-0.0986877307295799,0.937645196914673,0.766889870166779,-0.320762306451797,0.801108241081238,0.266009241342545,True
638609675526960414,-17.0934085845947,34.1678123474121,2.85818886756897,-0.0170087,0.03447552,0.002721289,-0.099510133266449,0.930708706378937,0.76566743850708,-0.319483935832977,0.79982990026474,0.267287611961365,True
638609675527276365,-17.7600269317627,32.5313377380371,3.80436396598816,-0.01760367,0.03291266,0.003674507,-0.102799721062183,0.916427791118622,0.760370075702667,-0.320762306451797,0.801108241081238,0.267287611961365,True
638609675527597643,-18.973087310791,31.1273975372314,3.12002015113831,-0.01869893,0.03134221,0.00322353,-0.110201299190521,0.911531448364258,0.749367952346802,-0.327154129743576,0.803664982318878,0.262174129486084,True
638609675527917862,-20.8155727386475,29.9193935394287,3.58341026306152,-0.02065855,0.03009118,0.003470557,-0.12048127502203,0.901330769062042,0.745293080806732,-0.330989241600037,0.80238664150238,0.264730870723724,True
638609675528256719,-22.1548652648926,27.6347541809082,3.94799017906189,-0.02191494,0.02801889,0.003760316,-0.127882853150368,0.88582581281662,0.734290957450867,-0.343772947788239,0.804943382740021,0.260895758867264,True
638609675528595964,-22.9610385894775,25.5823574066162,4.04925012588501,-0.02288975,0.02579511,0.004055679,-0.132406041026115,0.8731769323349,0.723288834095001,-0.355278253555298,0.807500123977661,0.258339017629623,True
638609675528928072,-23.8360710144043,23.8096752166748,4.11206150054932,-0.02369412,0.02402265,0.004130757,-0.137340426445007,0.862160265445709,0.713916599750519,-0.362948477268219,0.807500123977661,0.257060647010803,True
638609675529266937,-24.534294128418,22.676383972168,3.43108439445496,-0.02440467,0.0228176,0.003533329,-0.141863614320755,0.858488023281097,0.704544425010681,-0.37061870098114,0.808778464794159,0.254503905773163,True
638609675529596267,-24.9561462402344,21.3139667510986,4.85793018341064,-0.02493295,0.02145855,0.004696918,-0.143097206950188,0.843391001224518,0.704136967658997,-0.37061870098114,0.806221723556519,0.259617388248444,True
638609675529935557,-25.1545257568359,19.7459506988525,4.7219500541687,-0.02507777,0.01985377,0.004693733,-0.144330814480782,0.834822475910187,0.694764733314514,-0.380845665931702,0.808778464794159,0.253225535154343,True
638609675530265474,-25.8742160797119,18.6027355194092,4.67211675643921,-0.02572066,0.01881892,0.004617637,-0.148442804813385,0.827885985374451,0.688652455806732,-0.38468074798584,0.808778464794159,0.250668793916702,True
638609675530592117,-26.4509811401367,15.9018096923828,5.11399841308594,-0.02636912,0.01619141,0.005055571,-0.151321187615395,0.809524834156036,0.676427841186523,-0.392350971698761,0.812613546848297,0.244276955723763,True
638609675530912491,-26.8894443511963,12.7484703063965,5.58890199661255,-0.0268146,0.01307386,0.005578385,-0.153377190232277,0.788307428359985,0.662165820598602,-0.400021195411682,0.81389194726944,0.241720214486122,True
638609675531253493,-27.0457630157471,9.27952098846436,5.65216779708862,-0.02704844,0.01003671,0.005669402,-0.154199585318565,0.767090022563934,0.644236385822296,-0.408969789743423,0.81644868850708,0.232771635055542,True
638609675531594390,-27.1098937988281,6.56233978271484,6.06475973129272,-0.02709693,0.0069696,0.005981314,-0.154199585318565,0.74872887134552,0.632419288158417,-0.414083272218704,0.815170288085938,0.226379781961441,True
638609675531934177,-27.0349712371826,3.62241220474243,7.00782155990601,-0.02693895,0.004042407,0.006863384,-0.152965992689133,0.726695418357849,0.62263959646225,-0.417918354272842,0.812613546848297,0.217431202530861,True
638609675532253143,-27.0338878631592,1.36383402347565,7.48088073730469,-0.02701904,0.001559977,0.007384291,-0.152554795145988,0.71078234910965,0.614082396030426,-0.421753466129303,0.81389194726944,0.205925866961479,True
638609675532644190,-27.2346267700195,-1.48424255847931,8.3028450012207,-0.02722184,-0.001212667,0.008219887,-0.152965992689133,0.689565002918243,0.605117678642273,-0.426866948604584,0.815170288085938,0.191863805055618,True
638609675532931691,-27.2674694061279,-2.85029792785645,9.00011348724365,-0.02726389,-0.002734772,0.008976843,-0.152554795145988,0.678140223026276,0.602672755718231,-0.425588577985764,0.81389194726944,0.185471966862679,True
638609675533261894,-27.3315124511719,-3.81164264678955,9.41665649414063,-0.02732123,-0.003726401,0.009349799,-0.152554795145988,0.670387744903564,0.600635349750519,-0.426866948604584,0.81389194726944,0.180358484387398,True
638609675533600688,-27.3024520874023,-5.05912399291992,9.71510219573975,-0.02729406,-0.004899839,0.009660348,-0.152143582701683,0.661411166191101,0.596560478210449,-0.429423689842224,0.815170288085938,0.173966646194458,True
638609675533918552,-27.232292175293,-6.15942478179932,10.2377958297729,-0.02722911,-0.006042537,0.01021694,-0.151321187615395,0.652434587478638,0.594523012638092,-0.426866948604584,0.815170288085938,0.171409904956818,True
638609675534247391,-26.8724117279053,-7.69205284118652,10.8433179855347,-0.02692859,-0.007443826,0.01071586,-0.148854002356529,0.640601813793182,0.590855658054352,-0.426866948604584,0.815170288085938,0.166296422481537,True
638609675534607881,-26.2389507293701,-9.7451286315918,12.1831789016724,-0.02629679,-0.009494088,0.01205985,-0.144330814480782,0.622648596763611,0.589225709438324,-0.421753466129303,0.81389194726944,0.161182940006256,True
638609675534937298,-25.4223117828369,-11.6440286636353,13.384482383728,-0.02547115,-0.01137599,0.01318946,-0.138985231518745,0.606327533721924,0.587595760822296,-0.415361613035202,0.81389194726944,0.157347843050957,True
638609675535276166,-24.7786827087402,-13.5473461151123,14.2529668807983,-0.02476436,-0.01329164,0.01414738,-0.134873241186142,0.591230571269989,0.58433586359024,-0.407691419124603,0.81389194726944,0.149677619338036,True
638609675535597460,-24.3971214294434,-15.2226943969727,14.8318395614624,-0.02438739,-0.01501076,0.01475875,-0.132406041026115,0.578581750392914,0.5806685090065,-0.403856307268143,0.81389194726944,0.142007410526276,True
638609675535936312,-23.4681529998779,-17.6906852722168,15.9585542678833,-0.02352038,-0.01729238,0.01576447,-0.126649260520935,0.558996438980103,0.577001094818115,-0.400021195411682,0.815170288085938,0.135615557432175,True
638609675536256383,-22.2238616943359,-19.7567901611328,17.1330337524414,-0.02236502,-0.01949427,0.01702042,-0.119247674942017,0.541859328746796,0.575371146202087,-0.396186083555222,0.815170288085938,0.130502074956894,True
638609675536595954,-20.6014995574951,-22.0133247375488,17.8368701934814,-0.02082817,-0.02164306,0.01778454,-0.110201299190521,0.525538265705109,0.570073843002319,-0.389794230461121,0.81644868850708,0.122831866145134,True
638609675536936837,-18.8632335662842,-23.7335147857666,18.2558975219727,-0.01901242,-0.02343847,0.01819836,-0.100743725895882,0.513705492019653,0.565183997154236,-0.38595911860466,0.81644868850708,0.113883279263973,True
638609675537244548,-17.3802337646484,-24.9275302886963,18.1343879699707,-0.01753295,-0.0248036,0.01811323,-0.0929309502243996,0.507177114486694,0.559071719646454,-0.382124036550522,0.81900542974472,0.102377958595753,True
638609675537593346,-16.2431755065918,-26.1108665466309,18.3932266235352,-0.01632346,-0.02595796,0.01842656,-0.0867629647254944,0.499016553163528,0.555811822414398,-0.373175442218781,0.81644868850708,0.0908726304769516,True
638609675537913120,-15.6406307220459,-27.1727676391602,18.5872917175293,-0.0156402,-0.02704831,0.01858213,-0.08347337692976,0.491672068834305,0.552959382534027,-0.36934033036232,0.817727029323578,0.0806456804275513,True
638609675538251990,-15.3819465637207,-28.1467990875244,18.2659301757813,-0.0153871,-0.02791767,0.01832843,-0.0822397768497467,0.486775755882263,0.54725456237793,-0.36678358912468,0.81900542974472,0.0704187229275703,True
638609675538602148,-14.8887434005737,-29.2072849273682,18.8628730773926,-0.0148808,-0.0290141,0.01876295,-0.0793613865971565,0.4777991771698,0.54725456237793,-0.362948477268219,0.817727029323578,0.0653052479028702,True
638609675538926429,-14.1349658966064,-30.2197723388672,19.1368961334229,-0.01420646,-0.03007432,0.0190572,-0.0752493962645531,0.470454692840576,0.545217156410217,-0.361670106649399,0.81644868850708,0.0589133985340595,True
638609675539246115,-13.1405897140503,-31.2911777496338,19.3247318267822,-0.01329306,-0.03111713,0.01928745,-0.0699038133025169,0.463110208511353,0.542364716529846,-0.357834994792938,0.815170288085938,0.0550782904028893,True
638609675539597536,-11.5905704498291,-32.6786270141602,19.3267135620117,-0.01174484,-0.03255307,0.01931599,-0.06167983263731,0.454541653394699,0.537067413330078,-0.3539999127388,0.815170288085938,0.0499648116528988,True
638609675539932330,-9.49708557128906,-33.9199371337891,19.2629241943359,-0.009730928,-0.03376669,0.01929755,-0.0505774617195129,0.447197169065475,0.53177011013031,-0.346329689025879,0.81644868850708,0.0397378578782082,True
638609675540271780,-7.32721662521362,-34.9369697570801,19.1246318817139,-0.007715567,-0.03470737,0.01918013,-0.0390638932585716,0.441484808921814,0.526880264282227,-0.338659465312958,0.815170288085938,0.0269541647285223,True
638609675540580794,-5.48819780349731,-35.7746200561523,19.5799674987793,-0.005720024,-0.03577462,0.01957306,-0.0291951205581427,0.4345483481884,0.526880264282227,-0.327154129743576,0.81389194726944,0.0141704715788364,True
638609675540929587,-3.47169494628906,-36.3703079223633,19.2477149963379,-0.003704042,-0.03634319,0.01929037,-0.0185039509087801,0.432100176811218,0.522397875785828,-0.316927194595337,0.815170288085938,-0.00116996059659868,True
638609675541259847,-1.7718071937561,-36.6584663391113,18.98708152771,-0.002003409,-0.03663148,0.01903191,-0.00945757422596216,0.431284129619598,0.519545495510101,-0.306700229644775,0.815170288085938,-0.0126752844080329,True
638609675541608937,-0.462264180183411,-36.9596366882324,19.0140075683594,-0.0005393081,-0.03695964,0.0190138,-0.00246719340793788,0.429244011640549,0.518730521202087,-0.296473264694214,0.815170288085938,-0.0216238703578711,True
638609675541945067,0.615885853767395,-37.0403709411621,18.8719444274902,0.0004620313,-0.03701348,0.01891961,0.00328959105536342,0.429244011640549,0.517508029937744,-0.288803070783615,0.815170288085938,-0.0267373472452164,True
638609675542254144,1.53814589977264,-37.1477470397949,18.6776523590088,0.001384684,-0.03712093,0.01872612,0.00822397787123919,0.429244011640549,0.515878081321716,-0.284967958927155,0.815170288085938,-0.0331291928887367,True
638609675542594650,2.7643609046936,-37.4338760375977,18.3776321411133,0.00268826,-0.0374072,0.01842608,0.014803159981966,0.428427934646606,0.51302570104599,-0.279854476451874,0.81389194726944,-0.036964301019907,True
638609675542930769,4.14054250717163,-37.6430473327637,18.090461730957,0.003988226,-0.03761648,0.0181412,0.022204739972949,0.428019911050797,0.510580778121948,-0.274740993976593,0.81389194726944,-0.0407994091510773,True
638609675543270288,5.51334953308105,-37.775577545166,17.8176364898682,0.00536161,-0.03774911,0.01786955,0.029606319963932,0.428019911050797,0.508543372154236,-0.268349140882492,0.81389194726944,-0.0471912585198879,True
638609675543610051,7.1872820854187,-37.7327880859375,17.5025596618652,0.007037088,-0.03775588,0.01757849,0.0386526957154274,0.429244011640549,0.506913423538208,-0.260678946971893,0.81389194726944,-0.0535831041634083,True
638609675543932862,8.83154678344727,-37.2283554077148,16.6608924865723,0.008686,-0.0372746,0.01680897,0.0476990714669228,0.43536439538002,0.503246009349823,-0.253008723258972,0.815170288085938,-0.0612533204257488,True
638609675544261999,10.7627573013306,-35.6806793212891,15.7650527954102,0.0103935,-0.03589976,0.01595183,0.0583902411162853,0.448421239852905,0.502838551998138,-0.240225031971931,0.812613546848297,-0.0638100579380989,True
638609675544592111,12.9994516372681,-33.4241600036621,14.0788593292236,0.01271291,-0.03368952,0.01429436,0.0711374059319496,0.468822598457336,0.49998614192009,-0.227441340684891,0.812613546848297,-0.0689235329627991,True
638609675544992474,15.5904521942139,-30.4285984039307,11.7468566894531,0.01530951,-0.0307638,0.01195245,0.0863517671823502,0.496160358190536,0.496318757534027,-0.203152313828468,0.812613546848297,-0.0727586448192596,True
638609675545271542,17.0568885803223,-29.0754470825195,10.6804819107056,0.01671081,-0.02950364,0.01095174,0.0949869453907013,0.508401155471802,0.495096296072006,-0.187811881303787,0.812613546848297,-0.0753153786063194,True
638609675545600445,18.7887802124023,-28.1438007354736,9.47726726531982,0.01858214,-0.02813971,0.009622362,0.105266913771629,0.518193781375885,0.491836398839951,-0.169914707541466,0.812613546848297,-0.0778721198439598,True
638609675545940158,20.6398830413818,-27.840482711792,8.21404361724854,0.02036356,-0.02783679,0.008370219,0.116369284689426,0.523906171321869,0.486131578683853,-0.154574275016785,0.812613546848297,-0.08298559486866,True
638609675546275983,23.1444454193115,-27.8393478393555,7.07974863052368,0.02273628,-0.02773866,0.007327349,0.131172448396683,0.526762366294861,0.480834245681763,-0.137955486774445,0.81389194726944,-0.0868207067251205,True
638609675546604832,25.6545295715332,-28.1395244598389,6.14522838592529,0.02533033,-0.0280148,0.006436479,0.145975604653358,0.526762366294861,0.475944429636002,-0.121336676180363,0.812613546848297,-0.0970476642251015,True
638609675546946149,28.7385768890381,-28.1722660064697,5.23768854141235,0.02838942,-0.0281475,0.00534414,0.164068356156349,0.527986466884613,0.473092019557953,-0.107274614274502,0.812613546848297,-0.108552984893322,True
638609675547266454,31.6961517333984,-27.7249431610107,4.51964950561523,0.0310696,-0.02774706,0.004710502,0.181338712573051,0.531658709049225,0.47349950671196,-0.0932125523686409,0.810056805610657,-0.117501571774483,True
638609675547605321,33.9156723022461,-26.9482898712158,3.821857213974,0.03363778,-0.02699503,0.003904753,0.19449707865715,0.537779092788696,0.474721968173981,-0.0817072317004204,0.808778464794159,-0.127728521823883,True
638609675547935810,35.9269104003906,-24.7751598358154,2.51639604568481,0.03567506,-0.02500648,0.002715436,0.207244247198105,0.555324256420135,0.477574348449707,-0.0650884285569191,0.80238664150238,-0.134120374917984,True
638609675548265964,37.7245559692383,-21.8516445159912,2.33291888237,0.03743031,-0.02225376,0.002333378,0.217524215579033,0.574093461036682,0.49061393737793,-0.049747996032238,0.795994758605957,-0.136677116155624,True
638609675548604770,39.8740425109863,-18.4977836608887,1.42540979385376,0.03960003,-0.01891735,0.001513439,0.230682581663132,0.597759008407593,0.502023577690125,-0.0382426716387272,0.795994758605957,-0.143068954348564,True
638609675548923534,41.8003311157227,-15.5221385955811,1.75180459022522,0.04147187,-0.01588845,0.001621061,0.24096255004406,0.614488065242767,0.519545495510101,-0.0229022391140461,0.793438017368317,-0.143068954348564,True
638609675549263176,43.2615661621094,-13.9777927398682,2.2396924495697,0.04308309,-0.01413202,0.002124157,0.248364135622978,0.621424555778503,0.531362593173981,-0.0101185459643602,0.794716417789459,-0.144347324967384,True
638609675549602043,43.9633903503418,-12.7800569534302,2.06319212913513,0.04397938,-0.01286807,0.002125166,0.252476125955582,0.629177033901215,0.536659955978394,0.00138677807990462,0.793438017368317,-0.144347324967384,True
638609675549940883,43.9712562561035,-11.6843729019165,1.22855377197266,0.04398755,-0.01177173,0.001291374,0.253709703683853,0.63937771320343,0.536659955978394,0.00522188609465957,0.794716417789459,-0.145625695586205,True
638609675550279755,44.1176338195801,-11.0192899703979,1.79306817054749,0.04409428,-0.01107542,0.00170299,0.253709703683853,0.641417860984802,0.54317969083786,0.0103353634476662,0.790881276130676,-0.143068954348564,True
638609675550618626,44.288013458252,-10.6503238677979,2.16153812408447,0.04428454,-0.01072217,0.002148156,0.254120916128159,0.642233908176422,0.54725456237793,0.0103353634476662,0.792159676551819,-0.143068954348564,True
638609675551105266,44.0460968017578,-9.58454036712646,2.09398674964905,0.04403116,-0.009684767,0.00203619,0.252887308597565,0.649578392505646,0.551329433917999,0.0103353634476662,0.794716417789459,-0.145625695586205,True
638609675551274646,44.122745513916,-8.83820629119873,2.68087840080261,0.0441162,-0.00898226,0.002655505,0.252476125955582,0.652026534080505,0.55825674533844,0.0154488412663341,0.792159676551819,-0.143068954348564,True
638609675551605320,44.2099342346191,-7.06684732437134,2.72799181938171,0.04422358,-0.007224723,0.002780803,0.252887308597565,0.663043260574341,0.566813945770264,0.0180055797100067,0.793438017368317,-0.144347324967384,True
638609675551944199,43.9252662658691,-4.09072685241699,2.20531630516052,0.04392249,-0.004162548,0.002194518,0.252064913511276,0.684260666370392,0.577408611774445,0.021840687841177,0.793438017368317,-0.144347324967384,True
638609675552276236,43.9311141967773,-0.574931144714355,2.51889944076538,0.04391155,-0.001150373,0.002442816,0.251653730869293,0.705070018768311,0.59615296125412,0.0295109041035175,0.790881276130676,-0.141790583729744,True
638609675552615105,43.9802894592285,3.0483136177063,2.12869238853455,0.04399425,0.002823487,0.002182813,0.252476125955582,0.729143559932709,0.612044930458069,0.0346243791282177,0.792159676551819,-0.143068954348564,True
638609675552929648,43.5669860839844,6.24216556549072,1.10264277458191,0.04360054,0.005940526,0.001233166,0.251653730869293,0.753625154495239,0.622232139110565,0.0397378578782082,0.792159676551819,-0.144347324967384,True
638609675553271787,43.1238441467285,9.18881130218506,1.69662833213806,0.04310744,0.008870305,0.001631923,0.248364135622978,0.769538223743439,0.640161514282227,0.0474080741405487,0.789602935314178,-0.139233842492104,True
638609675553612501,43.1214065551758,11.8864097595215,1.68701064586639,0.04311681,0.0116003,0.00166887,0.248364135622978,0.785859286785126,0.654423594474792,0.0486864447593689,0.788324534893036,-0.139233842492104,True
638609675553942500,42.8559341430664,13.6024322509766,1.22535645961761,0.04292372,0.01345979,0.001200062,0.247541725635529,0.798508107662201,0.660943329334259,0.051243182271719,0.789602935314178,-0.136677116155624,True
638609675554284647,42.3531341552734,14.8353614807129,0.993532538414001,0.04243148,0.01472654,0.001010887,0.245074540376663,0.807484686374664,0.665833175182343,0.0537999197840691,0.788324534893036,-0.135398745536804,True
638609675554605026,42.0207176208496,15.3673534393311,1.14415860176086,0.04208014,0.01533366,0.001085493,0.243018537759781,0.810340881347656,0.669093072414398,0.0537999197840691,0.788324534893036,-0.131563633680344,True
638609675554935588,41.7745628356934,15.5883779525757,1.04568231105804,0.04177456,0.01558838,0.001045682,0.241784945130348,0.812380969524384,0.669500589370728,0.0525215528905392,0.788324534893036,-0.129006892442703,True
638609675555275769,41.3009757995605,15.8836669921875,0.920651257038116,0.04137998,0.01584635,0.0009421187,0.239317759871483,0.815237164497375,0.669908046722412,0.0499648116528988,0.788324534893036,-0.125171780586243,True
638609675555604352,40.7598571777344,16.32008934021,0.815875291824341,0.04082942,0.01632009,0.0007991006,0.236439362168312,0.818909406661987,0.671130537986755,0.0486864447593689,0.787046194076538,-0.118779942393303,True
638609675555933228,40.2581024169922,16.8199367523193,0.870873510837555,0.04031784,0.01678605,0.000812985,0.233560964465141,0.822173655033112,0.673575460910797,0.0461297035217285,0.787046194076538,-0.112388096749783,True
638609675556392173,39.7057685852051,17.3873977661133,1.021803855896,0.03977486,0.01731646,0.001003135,0.230271384119987,0.825437843799591,0.676835358142853,0.0435729660093784,0.787046194076538,-0.103439509868622,True
638609675556734989,39.1404418945313,17.5661354064941,1.11708390712738,0.03921013,0.01756614,0.001100975,0.226981788873672,0.826661944389343,0.677650332450867,0.0422945953905582,0.788324534893036,-0.0996043980121613,True
638609675557053906,38.7561988830566,17.7134208679199,1.04100096225739,0.03882585,0.01771342,0.00102505,0.22492578625679,0.828294038772583,0.677650332450867,0.0397378578782082,0.787046194076538,-0.0970476642251015,True
638609675557393805,38.3742599487305,18.1436176300049,0.972114622592926,0.03844342,0.01807282,0.0009542899,0.222869798541069,0.831558227539063,0.679280281066895,0.038459487259388,0.787046194076538,-0.0957692936062813,True
638609675557723115,37.9579467773438,18.8603458404541,0.74723482131958,0.03802708,0.01878968,0.0007298655,0.220813810825348,0.837270617485046,0.681725203990936,0.0371811203658581,0.787046194076538,-0.0957692936062813,True
638609675558055863,37.5007934570313,19.8893451690674,0.660814464092255,0.03756969,0.01974816,0.0006426757,0.218346610665321,0.844207048416138,0.686614990234375,0.038459487259388,0.787046194076538,-0.0932125523686409,True
638609675558384717,37.2871513366699,20.9841728210449,0.683715581893921,0.03727774,0.02080835,0.0006410157,0.217113018035889,0.850735485553741,0.692727327346802,0.038459487259388,0.787046194076538,-0.0919341817498207,True
638609675558735075,36.7678337097168,22.3263607025146,0.640435934066772,0.0368461,0.02229082,0.0006655598,0.214234620332718,0.859304070472717,0.699654579162598,0.038459487259388,0.785767793655396,-0.0893774479627609,True
638609675559045039,36.0647048950195,23.4898471832275,0.412783533334732,0.03621222,0.02331389,0.0004237835,0.210533827543259,0.867872595787048,0.704544425010681,0.038459487259388,0.785767793655396,-0.0868207067251205,True
638609675559380232,35.4141235351563,24.7178916931152,0.0776124745607376,0.03548362,0.02457754,6.417919E-05,0.207244247198105,0.877257227897644,0.709434270858765,0.038459487259388,0.784489452838898,-0.08298559486866,True
638609675559720698,34.5016937255859,26.0155200958252,0.207920074462891,0.03464923,0.02584071,0.0002228825,0.201898649334908,0.885009706020355,0.71676903963089,0.0397378578782082,0.781932711601257,-0.0753153786063194,True
638609675560058703,32.9027214050293,26.3249359130859,0.140617892146111,0.03304128,0.02632494,0.0001135018,0.192852273583412,0.888681948184967,0.71676903963089,0.0346243791282177,0.785767793655396,-0.0727586448192596,True
638609675560395165,31.0841693878174,26.7710266113281,0.0108352676033974,0.03137658,0.0267028,4.282421E-05,0.182572305202484,0.893578290939331,0.717176496982574,0.0269541647285223,0.784489452838898,-0.0663667991757393,True
638609675560724754,29.5848617553711,27.0449905395508,0.0206223148852587,0.02972332,0.02704499,-3.765145E-06,0.173937126994133,0.896434485912323,0.717584013938904,0.0180055797100067,0.783211052417755,-0.0612533204257488,True
638609675561064715,28.1267566680908,27.8117008209229,0.25116953253746,0.02833503,0.02774201,0.0002181788,0.165301948785782,0.900922775268555,0.722066342830658,0.0103353634476662,0.780654311180115,-0.0548614710569382,True
638609675561385551,27.1442756652832,28.8209056854248,0.339327782392502,0.02727723,0.02864547,0.0002813168,0.159545168280602,0.907043159008026,0.727771162986755,0.00394351687282324,0.780654311180115,-0.0510263666510582,True
638609675561724413,26.7478008270264,29.9417877197266,0.530780971050262,0.02673561,0.02979925,0.000453798,0.157077983021736,0.91275554895401,0.735105931758881,-0.00372669915668666,0.781932711601257,-0.0484696254134178,True
638609675562062862,25.9801769256592,30.4994983673096,0.627449810504913,0.02605624,0.03046636,0.0006593993,0.152554795145988,0.91601973772049,0.738365828990936,-0.00884017627686262,0.784489452838898,-0.0459128879010677,True
638609675562391752,25.3791961669922,30.7310104370117,0.412929624319077,0.02545504,0.03069799,0.0004452411,0.149265199899673,0.918875932693481,0.738365828990936,-0.0139536540955305,0.785767793655396,-0.0459128879010677,True
638609675562717898,24.5848255157471,30.8263492584229,0.314918637275696,0.02465418,0.03082635,0.0003047951,0.144742012023926,0.920508027076721,0.737958312034607,-0.0190671309828758,0.784489452838898,-0.0446345172822475,True
638609675563059487,24.2892837524414,30.8556461334229,0.229576364159584,0.0243586,0.03085565,0.0002195744,0.143097206950188,0.921324074268341,0.737550854682922,-0.0229022391140461,0.783211052417755,-0.0433561503887177,True
638609675563449878,24.357702255249,30.9945373535156,0.213350802659988,0.02435195,0.03095797,0.0001735696,0.143508419394493,0.922140181064606,0.738365828990936,-0.0267373472452164,0.781932711601257,-0.0420777797698975,True
638609675563721367,24.3510417938232,31.0968246459961,0.167263388633728,0.02435104,0.03109683,0.0001672634,0.143508419394493,0.922956228256226,0.738773286342621,-0.0292940866202116,0.781932711601257,-0.0420777797698975,True
638609675564055396,24.4078845977783,31.1624584197998,0.0713341757655144,0.02440789,0.03116246,7.133418E-05,0.143919616937637,0.923772275447845,0.738773286342621,-0.0305724553763866,0.781932711601257,-0.0433561503887177,True
638609675564384863,24.6030673980713,31.2280216217041,-0.0448428392410278,0.02453386,0.03122802,-3.474031E-05,0.14515320956707,0.924588322639465,0.738773286342621,-0.0318508259952068,0.781932711601257,-0.0420777797698975,True
638609675564724585,24.5904979705811,31.293514251709,-0.130835145711899,0.02459678,0.03126078,-8.783238E-05,0.14515320956707,0.925404369831085,0.738773286342621,-0.0331291928887367,0.781932711601257,-0.0420777797698975,True
638609675565063451,24.5842094421387,31.3262348175049,-0.173851117491722,0.02458421,0.03132624,-0.0001738511,0.14515320956707,0.925812423229218,0.738773286342621,-0.0344075635075569,0.780654311180115,-0.0420777797698975,True
638609675565394676,24.5653324127197,31.4242858886719,-0.302978247404099,0.02456533,0.03142429,-0.0003029783,0.14515320956707,0.927036464214325,0.738773286342621,-0.0356859341263771,0.780654311180115,-0.0420777797698975,True
638609675565724305,24.4831829071045,31.5587768554688,-0.382400155067444,0.02448368,0.03148957,-0.0003790471,0.144742012023926,0.928260564804077,0.73918080329895,-0.0356859341263771,0.780654311180115,-0.0420777797698975,True
638609675566053239,24.4869709014893,31.8722915649414,-0.356420904397964,0.02448748,0.03180307,-0.0003529414,0.144742012023926,0.929892659187317,0.741218209266663,-0.0356859341263771,0.779375970363617,-0.0407994091510773,True
638609675566394689,24.4136962890625,32.4260139465332,-0.375209659337997,0.02442052,0.03232439,-0.0003282618,0.144330814480782,0.933156847953796,0.744478106498718,-0.036964301019907,0.780654311180115,-0.0407994091510773,True
638609675566723595,23.5326061248779,33.0989379882813,-0.627012670040131,0.02360769,0.03306679,-0.0005932351,0.13939642906189,0.93886923789978,0.74692302942276,-0.0382426716387272,0.781932711601257,-0.0407994091510773,True
638609675567063811,22.5205898284912,33.9437942504883,-0.837118446826935,0.02252647,0.03391193,-0.0007934062,0.133639633655548,0.945397675037384,0.750590443611145,-0.0407994091510773,0.780654311180115,-0.0344075635075569,True
638609675567394119,20.8374328613281,33.652889251709,-0.855657637119293,0.0211129,0.03365289,-0.0008901575,0.123770862817764,0.944989621639252,0.747738003730774,-0.049747996032238,0.787046194076538,-0.0344075635075569,True
638609675567723743,18.6795482635498,33.330867767334,-0.793571412563324,0.01895961,0.03336771,-0.0007848352,0.11102370172739,0.944173574447632,0.744885623455048,-0.0574182122945786,0.785767793655396,-0.0241806078702211,True
638609675568062629,16.6298599243164,33.369800567627,-1.08900034427643,0.01690939,0.03333801,-0.001072646,0.0990989357233047,0.947029769420624,0.74284815788269,-0.0753153786063194,0.785767793655396,-0.0177887622267008,True
638609675568402278,14.352424621582,33.8811454772949,-0.952411293983459,0.01476225,0.0337758,-0.001023797,0.0855293720960617,0.950294017791748,0.745700597763062,-0.0932125523686409,0.783211052417755,-0.00756180705502629,True
638609675568742009,12.5653858184814,35.088436126709,-0.762876629829407,0.01276983,0.03491425,-0.0008084584,0.0748381987214088,0.956822395324707,0.753442823886871,-0.109831355512142,0.781932711601257,-0.00116996059659868,True
638609675569072220,11.6065301895142,36.7147216796875,-0.605006456375122,0.01173701,0.03646499,-0.0007212585,0.0690814107656479,0.965390980243683,0.764037489891052,-0.126450151205063,0.783211052417755,0.00905699376016855,True
638609675569410654,10.9394750595093,37.5724220275879,-0.208154782652855,0.01107006,0.0374589,-0.0003339453,0.064969427883625,0.968247175216675,0.770964741706848,-0.136677116155624,0.787046194076538,0.0180055797100067,True
638609675569730153,10.3935022354126,37.6860885620117,-0.056449182331562,0.01052947,0.03764818,-0.0001039126,0.06167983263731,0.968247175216675,0.772187232971191,-0.143068954348564,0.789602935314178,0.0256757959723473,True
638609675570059458,9.90675640106201,37.6481819152832,-0.0660974979400635,0.009909045,0.03768609,-2.722982E-05,0.0588014423847198,0.968247175216675,0.771779716014862,-0.145625695586205,0.790881276130676,0.0333460122346878,True
638609675570388464,9.69825172424316,37.3354072570801,-0.0696723610162735,0.009767113,0.03740413,-7.943694E-05,0.0575678460299969,0.966615080833435,0.76974231004715,-0.148182436823845,0.790881276130676,0.0371811203658581,True
638609675570737190,9.62876415252686,36.8852920532227,-0.0707659274339676,0.009628445,0.03695402,-7.634542E-05,0.0571566447615623,0.964166879653931,0.766889870166779,-0.149460807442665,0.789602935314178,0.0422945953905582,True
638609675571086699,9.56050872802734,36.6791076660156,-0.0502498112618923,0.00956051,0.03667911,-5.024982E-05,0.0567454472184181,0.962942838668823,0.76566743850708,-0.149460807442665,0.788324534893036,0.0461297035217285,True
638609675571398647,9.55797481536865,36.7101707458496,-0.0948483869433403,0.009557975,0.03671017,-9.484839E-05,0.0567454472184181,0.963350832462311,0.76566743850708,-0.146904066205025,0.789602935314178,0.0486864447593689,True
638609675571727528,9.55797481536865,36.7101707458496,-0.0948483869433403,0.009557975,0.03671017,-9.484839E-05,0.0567454472184181,0.963350832462311,0.76566743850708,-0.145625695586205,0.788324534893036,0.051243182271719,True
638609675572059224,9.48878765106201,36.7101707458496,-0.0909323841333389,0.009557975,0.03671017,-9.484839E-05,0.0563342496752739,0.963350832462311,0.76566743850708,-0.144347324967384,0.788324534893036,0.0537999197840691,True
638609675572379977,9.35040855407715,36.7101707458496,-0.0831857249140739,0.009350409,0.03671017,-8.318573E-05,0.0555118508636951,0.963350832462311,0.76566743850708,-0.143068954348564,0.788324534893036,0.0563566610217094,True
638609675572720843,9.1428279876709,36.7101707458496,-0.0717791244387627,0.009212025,0.03671017,-7.555287E-05,0.0542782545089722,0.963350832462311,0.76566743850708,-0.141790583729744,0.788324534893036,0.0601917691528797,True
638609675573049738,8.79683017730713,36.7101707458496,-0.0533372014760971,0.008866033,0.03671017,-5.696868E-05,0.0522222593426704,0.963350832462311,0.76566743850708,-0.141790583729744,0.788324534893036,0.06402687728405,True
638609675573379904,8.31237030029297,36.7101707458496,-0.0287136882543564,0.008450796,0.03671017,-3.560669E-05,0.04934386536479,0.963350832462311,0.76566743850708,-0.143068954348564,0.788324534893036,0.06786198168993,True
638609675573730930,7.96576261520386,36.8475952148438,-0.0230293646454811,0.007965763,0.0368476,-2.302937E-05,0.0472878739237785,0.964166879653931,0.766482412815094,-0.143068954348564,0.787046194076538,0.0716970935463905,True
638609675574050443,7.34057521820068,36.9472923278809,-0.0449491105973721,0.007478987,0.0369473,-5.10429E-05,0.0435870811343193,0.964982926845551,0.766889870166779,-0.144347324967384,0.788324534893036,0.0742538273334503,True
638609675574399952,6.85176420211792,37.2151679992676,-0.130910709500313,0.00692117,0.03714652,-0.0001280521,0.0407086908817291,0.967023074626923,0.768112361431122,-0.146904066205025,0.788324534893036,0.0780889391899109,True
638609675574729120,6.78071594238281,37.7642478942871,-0.174638390541077,0.006779146,0.03772638,-0.0002135726,0.0402974896132946,0.970287322998047,0.771372258663177,-0.149460807442665,0.787046194076538,0.0806456804275513,True
638609675575049138,6.77876758575439,38.313175201416,-0.222958594560623,0.00677745,0.03820659,-0.0002556469,0.0402974896132946,0.973551511764526,0.774632155895233,-0.148182436823845,0.788324534893036,0.0832024142146111,True
638609675575398935,6.77932834625244,38.6256561279297,-0.209056317806244,0.006779581,0.03855705,-0.0002027912,0.0402974896132946,0.975183606147766,0.776669561862946,-0.144347324967384,0.788324534893036,0.0857591554522514,True
638609675575790210,6.7065954208374,38.6866683959961,-0.296318411827087,0.006706596,0.03868667,-0.0002963184,0.0398862920701504,0.975999653339386,0.776669561862946,-0.140512213110924,0.788324534893036,0.0883158966898918,True
638609675576039904,6.63749122619629,38.6866683959961,-0.293574869632721,0.006637492,0.03868667,-0.0002935749,0.0394750945270061,0.975999653339386,0.776669561862946,-0.136677116155624,0.788324534893036,0.0895942598581314,True
638609675576358764,6.42672538757324,38.7476081848145,-0.375605821609497,0.006426726,0.03874761,-0.0003756058,0.0382414981722832,0.976815700531006,0.776669561862946,-0.135398745536804,0.788324534893036,0.093429371714592,True
638609675576707593,5.52468252182007,38.7019119262695,-0.46622696518898,0.005524683,0.03870191,-0.000466227,0.0328959114849567,0.977223753929138,0.775854587554932,-0.132842004299164,0.789602935314178,0.097264476120472,True
638609675577046492,2.96030211448669,39.5134887695313,-0.944250106811523,0.003168525,0.03945325,-0.0008574189,0.0176815520972013,0.984568238258362,0.778707027435303,-0.134120374917984,0.785767793655396,0.103656321763992,True
638609675577385332,0.548784613609314,40.4856491088867,-1.5260329246521,0.001029096,0.04028158,-0.0015073,0.00328959105536342,0.993136763572693,0.782374382019043,-0.146904066205025,0.787046194076538,0.108769804239273,True
638609675577704258,-1.30618762969971,41.0740127563477,-1.16734707355499,-0.001168429,0.04103551,-0.001204672,-0.00781277846544981,0.994360864162445,0.787671685218811,-0.158409386873245,0.785767793655396,0.120275124907494,True
638609675578033148,-3.37856006622314,41.5075912475586,-0.691775441169739,-0.003170292,0.04143023,-0.0007640467,-0.0201487448066473,0.993952870368958,0.792561531066895,-0.169914707541466,0.785767793655396,0.133058816194534,True
638609675578382482,-5.52441310882568,41.7103729248047,-0.474414139986038,-0.005248285,0.04171038,-0.0004655547,-0.0328959114849567,0.993544816970825,0.795006453990936,-0.183976769447327,0.785767793655396,0.143285781145096,True
638609675578719457,-7.40220355987549,41.4334487915039,-0.220105290412903,-0.007261968,0.04146329,-0.0002595351,-0.0439982824027538,0.990280628204346,0.794598996639252,-0.200595572590828,0.789602935314178,0.150955989956856,True
638609675579043433,-9.08296871185303,40.7814788818359,0.105135202407837,-0.008872394,0.04088034,6.376333E-05,-0.0538670532405376,0.984568238258362,0.79215407371521,-0.217214375734329,0.790881276130676,0.159904569387436,True
638609675579382400,-9.92776679992676,39.7270774841309,0.290800392627716,-0.009855394,0.03982634,0.0002430753,-0.0588014423847198,0.977631747722626,0.786449253559113,-0.22999806702137,0.792159676551819,0.165018051862717,True
638609675579712281,-10.3014974594116,38.5856170654297,0.713596701622009,-0.01029527,0.03878522,0.0006114123,-0.0608574375510216,0.969063222408295,0.7811518907547,-0.238946661353111,0.792159676551819,0.171409904956818,True
638609675580061140,-10.3771390914917,37.9330024719238,0.809161067008972,-0.0103744,0.03796398,0.0007645113,-0.0612686350941658,0.964982926845551,0.777484536170959,-0.244060128927231,0.790881276130676,0.173966646194458,True
638609675580370051,-10.4505519866943,37.6946411132813,0.867321789264679,-0.01045055,0.03769464,0.0008673219,-0.06167983263731,0.963350832462311,0.776262104511261,-0.244060128927231,0.789602935314178,0.176523372530937,True
638609675580739342,-10.592869758606,37.5944328308105,0.909119427204132,-0.01052327,0.03759443,0.000913461,-0.0625022277235985,0.962534785270691,0.775854587554932,-0.245338499546051,0.789602935314178,0.177801743149757,True
638609675581062644,-10.8712520599365,37.5944328308105,0.891467392444611,-0.01087125,0.03759443,0.0008914674,-0.064147025346756,0.962534785270691,0.775854587554932,-0.246616870164871,0.789602935314178,0.177801743149757,True
638609675581372550,-11.1499891281128,37.5252838134766,0.879194259643555,-0.01114999,0.03752529,0.0008791943,-0.0657918229699135,0.962126791477203,0.775447130203247,-0.247895240783691,0.789602935314178,0.177801743149757,True
638609675581904175,-11.3565311431885,37.4181175231934,0.832379519939423,-0.01135653,0.03741812,0.0008323796,-0.0670254155993462,0.961718738079071,0.774632155895233,-0.247895240783691,0.789602935314178,0.179080113768578,True
638609675582033790,-11.426097869873,37.4181175231934,0.827695429325104,-0.0114261,0.03741812,0.0008276955,-0.067436620593071,0.961718738079071,0.774632155895233,-0.249173611402512,0.789602935314178,0.179080113768578,True
638609675582343708,-11.4156217575073,37.2662162780762,0.672587156295776,-0.01141562,0.03726622,0.0006725872,-0.067436620593071,0.961718738079071,0.773002207279205,-0.249173611402512,0.789602935314178,0.180358484387398,True
638609675582692540,-11.4118986129761,36.914176940918,0.617459237575531,-0.01141453,0.03695204,0.000656352,-0.067436620593071,0.960086643695831,0.770557284355164,-0.249173611402512,0.788324534893036,0.180358484387398,True
638609675583053646,-11.4152097702026,36.2926368713379,0.666483104228973,-0.01141485,0.03636171,0.0006611484,-0.067436620593071,0.956414401531219,0.766889870166779,-0.249173611402512,0.788324534893036,0.180358484387398,True
638609675583383036,-11.5607690811157,35.5702705383301,0.753059148788452,-0.01155775,0.03560183,0.0007088368,-0.0682590156793594,0.951926112174988,0.762814998626709,-0.251730352640152,0.789602935314178,0.177801743149757,True
638609675583694792,-12.2464227676392,35.0749588012695,0.571727097034454,-0.01217378,0.03510661,0.000532602,-0.0723710060119629,0.949885964393616,0.759147644042969,-0.251730352640152,0.789602935314178,0.177801743149757,True
638609675584016913,-13.2274160385132,34.666130065918,0.610269844532013,-0.01308846,0.03466613,0.0006210909,-0.0781277865171432,0.947029769420624,0.757110178470612,-0.253008723258972,0.789602935314178,0.176523372530937,True
638609675584355845,-14.2017860412598,34.3205986022949,0.554238200187683,-0.01413563,0.03435785,0.0005994887,-0.0838845744729042,0.944989621639252,0.755072772502899,-0.256843835115433,0.789602935314178,0.175245001912117,True
638609675584694323,-15.3453512191772,33.9265403747559,0.81683874130249,-0.01527183,0.03395858,0.0007793374,-0.0904637575149536,0.940909385681152,0.754257798194885,-0.260678946971893,0.789602935314178,0.176523372530937,True
638609675585021378,-15.9760189056396,32.5442199707031,1.55522477626801,-0.01589767,0.03267887,0.001471132,-0.093753345310688,0.929076611995697,0.749367952346802,-0.268349140882492,0.792159676551819,0.177801743149757,True
638609675585363901,-16.6632022857666,30.4766139984131,2.09342551231384,-0.01658418,0.03068257,0.00200843,-0.0974541381001472,0.91438764333725,0.739588260650635,-0.274740993976593,0.794716417789459,0.177801743149757,True
638609675585693056,-18.1958446502686,28.0274848937988,1.85573399066925,-0.01805501,0.02830667,0.001862608,-0.106500513851643,0.900922775268555,0.7245112657547,-0.282411217689514,0.7972731590271,0.175245001912117,True
638609675586012022,-20.7556095123291,25.0632915496826,1.9144823551178,-0.0203999,0.02551739,0.001909993,-0.121303670108318,0.882153570652008,0.708619296550751,-0.295194894075394,0.795994758605957,0.175245001912117,True
638609675586351285,-23.109546661377,21.9829502105713,1.95249736309052,-0.02289417,0.02229859,0.001941619,-0.134873241186142,0.862568259239197,0.692319810390472,-0.314370453357697,0.7972731590271,0.172688275575638,True
638609675586702170,-25.1285095214844,18.993106842041,2.08037567138672,-0.02491333,0.01931022,0.002077569,-0.146386802196503,0.84298300743103,0.677242815494537,-0.332267612218857,0.798551499843597,0.171409904956818,True
638609675587027587,-26.1869239807129,16.7935123443604,2.43968915939331,-0.02602872,0.01697431,0.002344829,-0.152143582701683,0.827477991580963,0.66746312379837,-0.347608059644699,0.79982990026474,0.168853163719177,True
638609675587353042,-26.8432521820068,13.8647480010986,2.9566068649292,-0.02668592,0.01418955,0.002873105,-0.155433177947998,0.807076632976532,0.654423594474792,-0.360391736030579,0.803664982318878,0.165018051862717,True
638609675587692502,-27.2377910614014,9.75984668731689,3.6244843006134,-0.02723087,0.01026313,0.003580763,-0.157077983021736,0.77892279624939,0.636086642742157,-0.36934033036232,0.806221723556519,0.162461310625076,True
638609675588027459,-27.7040901184082,6.14472913742065,2.47455787658691,-0.02765954,0.006520882,0.002644775,-0.160778760910034,0.761377692222595,0.611229956150055,-0.378288924694061,0.810056805610657,0.157347843050957,True
638609675588346351,-28.455472946167,3.14679026603699,2.6548182964325,-0.02829005,0.00362975,0.002528454,-0.164890751242638,0.741384387016296,0.597375452518463,-0.378288924694061,0.806221723556519,0.152234360575676,True
638609675588695218,-28.5621604919434,-0.412723541259766,3.73294305801392,-0.02853606,-6.52513E-05,0.003575681,-0.164479553699493,0.714454591274261,0.585558354854584,-0.382124036550522,0.806221723556519,0.140729039907455,True
638609675589034058,-28.3669509887695,-4.46387529373169,3.87182283401489,-0.02836862,-0.004137164,0.003881965,-0.163245961070061,0.688340902328491,0.566406428813934,-0.392350971698761,0.811335206031799,0.121553495526314,True
638609675589452727,-28.2417640686035,-9.05611228942871,3.5525484085083,-0.02823942,-0.008686076,0.003538241,-0.162834763526917,0.660187065601349,0.542772233486176,-0.398742824792862,0.815170288085938,0.0959861129522324,True
638609675589801477,-28.0534820556641,-11.4295377731323,3.2887704372406,-0.02805803,-0.01128767,0.003316601,-0.162012368440628,0.645906150341034,0.530140161514282,-0.398742824792862,0.815170288085938,0.0806456804275513,True
638609675590128443,-27.6092014312744,-13.3640146255493,4.13286924362183,-0.02765468,-0.01314442,0.003962941,-0.158722773194313,0.630401134490967,0.526065289974213,-0.396186083555222,0.812613546848297,0.0704187229275703,True
638609675590461968,-26.3824558258057,-15.2058181762695,3.71493482589722,-0.02655033,-0.01498344,0.003864256,-0.152143582701683,0.620608508586884,0.514248132705688,-0.398742824792862,0.81644868850708,0.0589133985340595,True
638609675590802927,-24.9792652130127,-18.5992546081543,4.51478004455566,-0.02511554,-0.01825062,0.004453741,-0.143508419394493,0.596126914024353,0.503246009349823,-0.392350971698761,0.815170288085938,0.0550782904028893,True
638609675591131404,-23.429178237915,-22.5788879394531,4.30798625946045,-0.02374488,-0.02184241,0.004500347,-0.134873241186142,0.57123726606369,0.484094142913818,-0.389794230461121,0.817727029323578,0.0499648116528988,True
638609675591448078,-21.4696140289307,-26.2274894714355,4.22591257095337,-0.02167477,-0.02571188,0.004137862,-0.123770862817764,0.547979772090912,0.467387199401855,-0.38595911860466,0.81900542974472,0.0448513366281986,True
638609675591787301,-18.8033123016357,-29.55029296875,4.1812572479248,-0.01894923,-0.02929091,0.004202523,-0.108556509017944,0.526762366294861,0.452310174703598,-0.377010554075241,0.81644868850708,0.0333460122346878,True
638609675592136191,-14.6587343215942,-32.0976448059082,4.28817701339722,-0.01501524,-0.03190885,0.004276034,-0.0847069695591927,0.510441303253174,0.440900564193726,-0.362948477268219,0.815170288085938,0.0141704715788364,True
638609675592459969,-11.4732446670532,-32.9355430603027,3.62932753562927,-0.0117662,-0.03286721,0.003757881,-0.0666142180562019,0.507585108280182,0.431935846805573,-0.342494577169418,0.81644868850708,-0.00116996059659868,True
638609675592800577,-9.06469440460205,-33.5000534057617,3.71398615837097,-0.00927553,-0.03345241,0.003676429,-0.0526334568858147,0.50391286611557,0.429490923881531,-0.318205565214157,0.81389194726944,-0.0126752844080329,True
638609675593132199,-6.98741102218628,-34.0755615234375,3.19938826560974,-0.007059989,-0.03405323,0.003245995,-0.0407086908817291,0.501872718334198,0.423378646373749,-0.304143488407135,0.815170288085938,-0.0229022391140461,True
638609675593472149,-5.13974857330322,-34.5107955932617,2.82353448867798,-0.00535319,-0.03441881,0.002890184,-0.0300175193697214,0.500240623950958,0.418896287679672,-0.284967958927155,0.81389194726944,-0.0267373472452164,True
638609675593801029,-3.59659862518311,-35.2244071960449,3.12711906433105,-0.003808084,-0.03510657,0.003120519,-0.0209711436182261,0.494528263807297,0.418081313371658,-0.267070770263672,0.811335206031799,-0.0280157160013914,True
638609675594268087,0.211602881550789,-36.7582168579102,3.18319749832153,-7.053395E-05,-0.03664011,0.003182415,0.00123359670396894,0.483919560909271,0.412783980369568,-0.250451982021332,0.811335206031799,-0.0344075635075569,True
638609675594447566,1.76335477828979,-37.2308807373047,3.17698311805725,0.001410279,-0.03713441,0.003129894,0.0102799721062183,0.480655342340469,0.41115403175354,-0.241503402590752,0.812613546848297,-0.0356859341263771,True
638609675594788433,4.65751218795776,-37.8972702026367,3.2240002155304,0.004374031,-0.03780055,0.003181564,0.0271391272544861,0.475759029388428,0.409524083137512,-0.22104948759079,0.811335206031799,-0.0382426716387272,True
638609675595138229,7.19460773468018,-38.5109024047852,3.08529329299927,0.006984144,-0.03844092,0.003119178,0.0419422872364521,0.471678763628006,0.40707916021347,-0.203152313828468,0.811335206031799,-0.0446345172822475,True
638609675595476786,9.01773738861084,-38.8820953369141,2.82264590263367,0.008807873,-0.03881218,0.002858919,0.0526334568858147,0.469638645648956,0.404634237289429,-0.182698413729668,0.811335206031799,-0.0523047335445881,True
638609675595805652,10.6751976013184,-36.7345008850098,2.22460317611694,0.01040234,-0.03697519,0.002368514,0.0625022277235985,0.485959708690643,0.408709108829498,-0.158409386873245,0.80238664150238,-0.0523047335445881,True
638609675596144274,12.9599742889404,-33.7634086608887,1.68628489971161,0.01274499,-0.03397202,0.001632497,0.0760717913508415,0.507585108280182,0.416858851909637,-0.135398745536804,0.79982990026474,-0.0548614710569382,True
638609675596473064,15.0912780761719,-31.1410980224609,2.70560765266418,0.014864,-0.03146671,0.00253722,0.0879965648055077,0.521866023540497,0.434380769729614,-0.107274614274502,0.798551499843597,-0.0548614710569382,True
638609675596821952,17.3905467987061,-29.0818290710449,2.28471374511719,0.01718624,-0.02929216,0.002367679,0.101566128432751,0.536554992198944,0.440900564193726,-0.0868207067251205,0.79982990026474,-0.0574182122945786,True
638609675597140906,19.2209148406982,-28.1488227844238,1.52459847927094,0.01901448,-0.02819537,0.00157619,0.112668499350548,0.544715523719788,0.440900564193726,-0.0727586448192596,0.801108241081238,-0.0586965791881084,True
638609675597469785,20.9161777496338,-28.3118591308594,1.48719108104706,0.02070325,-0.02826528,0.001484943,0.122537270188332,0.543083429336548,0.441308051347733,-0.0548614710569382,0.79982990026474,-0.0574182122945786,True
638609675597808655,22.6539611816406,-29.1054000854492,1.74360430240631,0.0224332,-0.02896512,0.001688669,0.132406041026115,0.536146998405457,0.441308051347733,-0.0382426716387272,0.798551499843597,-0.0561398416757584,True
638609675598131195,24.2502174377441,-29.8083057403564,1.94233310222626,0.02403243,-0.02971444,0.001917606,0.141452416777611,0.53002655506134,0.441308051347733,-0.0292940866202116,0.7972731590271,-0.0561398416757584,True
638609675598462196,26.2800331115723,-29.9254169464111,1.64682507514954,0.02593047,-0.02992542,0.001700497,0.153377190232277,0.52921050786972,0.440900564193726,-0.0216238703578711,0.7972731590271,-0.0599749498069286,True
638609675598801821,28.7440223693848,-29.6691265106201,1.79525077342987,0.02851789,-0.02971591,0.001733836,0.167357951402664,0.52921050786972,0.445382922887802,-0.00884017627686262,0.795994758605957,-0.0638100579380989,True
638609675599140643,30.7958469390869,-29.2928676605225,1.97731709480286,0.03057706,-0.02931651,0.00196702,0.178871512413025,0.53002655506134,0.450272768735886,0.00394351687282324,0.795994758605957,-0.0689235329627991,True
638609675599451726,32.320384979248,-28.72922706604,1.61275672912598,0.0321806,-0.02872923,0.00163928,0.18791788816452,0.534106850624084,0.451902687549591,0.0154488412663341,0.7972731590271,-0.0753153786063194,True
638609675599790580,33.2833709716797,-27.6769790649414,0.979147255420685,0.03321915,-0.02772358,0.001020384,0.194085881114006,0.542675375938416,0.453125149011612,0.0256757959723473,0.7972731590271,-0.08298559486866,True
638609675600139417,34.7770347595215,-25.109935760498,0.492624074220657,0.03449897,-0.02541308,0.000548085,0.203132256865501,0.560628592967987,0.462089866399765,0.0371811203658581,0.789602935314178,-0.0855423361063004,True
638609675600493801,37.0313987731934,-21.8698596954346,0.183090254664421,0.03652344,-0.02259408,0.0001842036,0.2162906229496,0.581845939159393,0.476351886987686,0.0499648116528988,0.789602935314178,-0.0893774479627609,True
638609675600812680,39.5356369018555,-19.2996883392334,0.922408878803253,0.0391982,-0.019686,0.0007328606,0.229448974132538,0.594494760036469,0.495096296072006,0.0653052479028702,0.788324534893036,-0.0893774479627609,True
638609675601141583,42.1105690002441,-16.9728546142578,0.613893568515778,0.04190915,-0.01720422,0.0006941356,0.244252145290375,0.608775734901428,0.506913423538208,0.0806456804275513,0.789602935314178,-0.0919341817498207,True
638609675601465729,43.7333793640137,-14.5858144760132,0.0261649452149868,0.04347248,-0.0148602,0.0001602661,0.254120916128159,0.625096797943115,0.516285598278046,0.0998212173581123,0.789602935314178,-0.0919341817498207,True
638609675601784273,44.1971969604492,-12.7323875427246,-0.459859192371368,0.0441409,-0.01289062,-0.0003932299,0.257410496473312,0.63856166601181,0.522397875785828,0.113883279263973,0.787046194076538,-0.0906558111310005,True
638609675602114557,44.3306312561035,-11.8064603805542,-0.513771653175354,0.04432698,-0.01187725,-0.0005275946,0.258232891559601,0.644682049751282,0.526472747325897,0.120275124907494,0.787046194076538,-0.0906558111310005,True
638609675602463298,44.5597724914551,-11.4750461578369,-0.763133645057678,0.0445682,-0.01151845,-0.0007314227,0.2598777115345,0.647538244724274,0.526880264282227,0.122831866145134,0.787046194076538,-0.0906558111310005,True
638609675602782206,44.9390182495117,-11.3015689849854,-1.00051259994507,0.04493902,-0.01130157,-0.001000513,0.262344896793365,0.649170339107513,0.526880264282227,0.124110236763954,0.787046194076538,-0.0906558111310005,True
638609675603131220,45.2129516601563,-11.1169166564941,-1.07932794094086,0.04521295,-0.01111692,-0.001079328,0.263989686965942,0.650394439697266,0.52769523859024,0.125388607382774,0.785767793655396,-0.0906558111310005,True
638609675603461249,45.4425315856934,-10.8774700164795,-1.0495525598526,0.04544253,-0.01087747,-0.001049553,0.265223294496536,0.651618480682373,0.529325187206268,0.126666978001595,0.784489452838898,-0.0893774479627609,True
638609675603790233,45.6091041564941,-10.3116903305054,-0.980555951595306,0.04560551,-0.01038243,-0.0009937618,0.266045689582825,0.654882729053497,0.532585084438324,0.125388607382774,0.784489452838898,-0.0893774479627609,True
638609675604131647,45.6503067016602,-9.55823135375977,-1.10051190853119,0.04564678,-0.00962893,-0.00111342,0.266456872224808,0.660187065601349,0.53543746471405,0.125388607382774,0.784489452838898,-0.0893774479627609,True
638609675604462078,45.6922302246094,-7.85810470581055,-1.2174859046936,0.04569999,-0.008155359,-0.001189099,0.266868084669113,0.671611785888672,0.542772233486176,0.127945348620415,0.780654311180115,-0.0868207067251205,True
638609675604790916,45.8597068786621,-5.76610374450684,-1.14558660984039,0.04583174,-0.006148026,-0.001247568,0.267690479755402,0.684668660163879,0.553366899490356,0.130502074956894,0.780654311180115,-0.0855423361063004,True
638609675605131295,45.7718734741211,-3.29283666610718,-0.926167011260986,0.04576329,-0.003505162,-0.000957575,0.266868084669113,0.699765622615814,0.566406428813934,0.134337186813354,0.779375970363617,-0.0842639654874802,True
638609675605462373,45.7728271484375,-0.186639234423637,-1.1929224729538,0.04579106,-0.0005922095,-0.00112635,0.267279267311096,0.720575034618378,0.580260992050171,0.138172298669815,0.781932711601257,-0.0842639654874802,True
638609675605791267,45.3830757141113,3.3872971534729,-1.26844036579132,0.04537669,0.003175502,-0.001291975,0.265223294496536,0.743832528591156,0.597375452518463,0.144564136862755,0.780654311180115,-0.08298559486866,True
638609675606271706,45.091438293457,9.06084823608398,-1.256143450737,0.04508073,0.008566879,-0.001295833,0.263578474521637,0.779330849647522,0.626714468002319,0.153512731194496,0.779375970363617,-0.0817072317004204,True
638609675606460980,44.8815727233887,10.7109155654907,-0.939636707305908,0.04495504,0.01038979,-0.0009408303,0.26193368434906,0.788307428359985,0.636901617050171,0.156069472432137,0.779375970363617,-0.0817072317004204,True
638609675606790491,44.4026298522949,13.4782543182373,-0.799378871917725,0.04447849,0.01322845,-0.0007914331,0.259055286645889,0.805036544799805,0.651978671550751,0.157347843050957,0.781932711601257,-0.0842639654874802,True
638609675607130795,43.5045852661133,16.0292320251465,-1.41904056072235,0.04359188,0.01581455,-0.001365472,0.254943311214447,0.824213743209839,0.661758303642273,0.158626213669777,0.783211052417755,-0.0842639654874802,True
638609675607449835,42.5876426696777,17.9341850280762,-1.28293967247009,0.04264473,0.0177598,-0.001345931,0.249597728252411,0.836046516895294,0.671945512294769,0.161182940006256,0.780654311180115,-0.08298559486866,True
638609675607788594,42.1712226867676,18.8141479492188,-1.19464719295502,0.04221919,0.01874612,-0.001294166,0.247130528092384,0.841350913047791,0.676835358142853,0.158626213669777,0.781932711601257,-0.0817072317004204,True
638609675608137491,41.9379844665527,19.8071365356445,-1.54089641571045,0.04193764,0.019737,-0.001542258,0.246308133006096,0.849103391170502,0.680502712726593,0.157347843050957,0.781932711601257,-0.0817072317004204,True
638609675608457794,41.7063217163086,20.8961410522461,-1.59266793727875,0.04170585,0.02075596,-0.001594558,0.245074540376663,0.856039822101593,0.68620753288269,0.158626213669777,0.780654311180115,-0.07915049046278,True
638609675608807044,41.6990737915039,22.0530300140381,-1.62163817882538,0.04168881,0.02194828,-0.001662697,0.245074540376663,0.862976312637329,0.692727327346802,0.158626213669777,0.780654311180115,-0.0753153786063194,True
638609675609121221,41.5527496337891,22.8590888977051,-1.62429535388947,0.04155272,0.02278903,-0.00162445,0.244252145290375,0.867872595787048,0.697209656238556,0.158626213669777,0.780654311180115,-0.0740370154380798,True
638609675609450127,41.0636520385742,23.3493919372559,-1.24601995944977,0.04118118,0.02327931,-0.00136049,0.24096255004406,0.869504749774933,0.701284527778625,0.158626213669777,0.779375970363617,-0.0727586448192596,True
638609675609789918,40.4643783569336,23.6301403045654,-1.01488828659058,0.04052342,0.02359501,-0.001071827,0.237261757254601,0.87072879076004,0.703321993350983,0.157347843050957,0.781932711601257,-0.0727586448192596,True
638609675610109685,40.1010971069336,24.2951717376709,-1.31508481502533,0.04017965,0.02419029,-0.001290542,0.235616967082024,0.876441180706024,0.705359399318695,0.152234360575676,0.783211052417755,-0.0740370154380798,True
638609675610448976,39.8033218383789,25.3831729888916,-1.04075157642365,0.03985324,0.02524205,-0.001136328,0.233560964465141,0.881745517253876,0.71269416809082,0.150955989956856,0.780654311180115,-0.0727586448192596,True
638609675610783022,39.6290817260742,26.9291667938232,-0.855763077735901,0.03968956,0.02668275,-0.0009074912,0.232327371835709,0.889906048774719,0.722473859786987,0.148399248719215,0.780654311180115,-0.0714802742004395,True
638609675611151742,39.1540107727051,28.8263854980469,-0.711534917354584,0.03921577,0.02850929,-0.0007583151,0.229448974132538,0.900514721870422,0.733883440494537,0.144564136862755,0.783211052417755,-0.0727586448192596,True
638609675611470697,38.1503715515137,30.563684463501,-0.973888099193573,0.03836905,0.03025034,-0.0009677164,0.224103391170502,0.91275554895401,0.742033183574677,0.139450669288635,0.784489452838898,-0.0753153786063194,True
638609675611779639,36.5788497924805,31.4831237792969,-1.22088575363159,0.03687307,0.03134745,-0.001193446,0.215468212962151,0.920916080474854,0.744885623455048,0.134337186813354,0.787046194076538,-0.0765937492251396,True
638609675612148893,33.7214241027832,31.9464740753174,-1.1558632850647,0.03372142,0.03194648,-0.001155863,0.199020266532898,0.926220417022705,0.745293080806732,0.122831866145134,0.785767793655396,-0.0714802742004395,True
638609675612528018,32.4199523925781,33.1214790344238,-2.33157086372375,0.03259105,0.03292395,-0.002182009,0.192852273583412,0.940093338489532,0.746108055114746,0.104934692382813,0.787046194076538,-0.0663667991757393,True
638609675612777895,31.594820022583,34.4588165283203,-1.82970011234283,0.03158745,0.03442155,-0.001868555,0.187506690621376,0.945805728435516,0.755887746810913,0.101099587976933,0.783211052417755,-0.0612533204257488,True
638609675613128107,30.1319828033447,35.0661964416504,-1.30211389064789,0.03033889,0.03499698,-0.001334671,0.178460314869881,0.947845816612244,0.760777592658997,0.0908726304769516,0.784489452838898,-0.0548614710569382,True
638609675613457870,29.1818199157715,35.5642852783203,-1.46806681156158,0.02939622,0.03546364,-0.001455606,0.173114731907845,0.952334105968475,0.762407541275024,0.0806456804275513,0.787046194076538,-0.0510263666510582,True
638609675613797614,28.3609561920166,36.2985420227051,-1.72395122051239,0.02836096,0.03629854,-0.001723951,0.168591544032097,0.958454549312592,0.765259921550751,0.0716970935463905,0.785767793655396,-0.0446345172822475,True
638609675614125720,27.4058685302734,36.474048614502,-1.53539741039276,0.02747446,0.03647405,-0.001546681,0.162834763526917,0.959270596504211,0.766482412815094,0.06786198168993,0.785767793655396,-0.0382426716387272,True
638609675614456526,26.8357276916504,36.5676803588867,-1.57815444469452,0.0269114,0.03653649,-0.001545191,0.159545168280602,0.960494637489319,0.766482412815094,0.0601917691528797,0.787046194076538,-0.0344075635075569,True
638609675614796292,26.3460502624512,36.8054084777832,-1.56194734573364,0.02640852,0.03676768,-0.001611418,0.156666770577431,0.962126791477203,0.767704844474792,0.0550782904028893,0.787046194076538,-0.0292940866202116,True
638609675615145121,25.7345790863037,36.8431549072266,-1.42695581912994,0.02580322,0.03684316,-0.001437552,0.152965992689133,0.962126791477203,0.768112361431122,0.051243182271719,0.785767793655396,-0.0254589784890413,True
638609675615464682,25.15869140625,36.9674491882324,-1.51986193656921,0.02523397,0.03693641,-0.001486041,0.149676397442818,0.963758885860443,0.768112361431122,0.0461297035217285,0.787046194076538,-0.0229022391140461,True
638609675615794283,24.5714359283447,37.0846672058105,-1.69788801670074,0.02457144,0.03708467,-0.001697888,0.146386802196503,0.965799033641815,0.767704844474792,0.0422945953905582,0.787046194076538,-0.020345501601696,True
638609675616103979,23.7290744781494,37.2460517883301,-1.71729648113251,0.02379759,0.03724605,-0.001727068,0.141452416777611,0.967431128025055,0.768112361431122,0.0410162284970284,0.785767793655396,-0.0152320228517056,True
638609675616452726,22.7090339660645,37.5275535583496,-1.51391315460205,0.02277764,0.03752755,-0.001523265,0.135284438729286,0.968655169010162,0.770149767398834,0.038459487259388,0.784489452838898,-0.00884017627686262,True
638609675616781671,21.7546138763428,37.2116203308105,-1.87137424945831,0.02182307,0.03721162,-0.001880334,0.12993885576725,0.969471216201782,0.766074895858765,0.0282325334846973,0.790881276130676,-0.0101185459643602,True
638609675617127491,20.5252704620361,36.8693161010742,-1.68693864345551,0.02058831,0.03690018,-0.001739864,0.122537270188332,0.967431128025055,0.764037489891052,0.0269541647285223,0.788324534893036,-0.00500506861135364,True
638609675617457033,19.6071510314941,36.5756721496582,-1.80824422836304,0.01967563,0.03657568,-0.001816321,0.117191687226295,0.967023074626923,0.761185050010681,0.0180055797100067,0.789602935314178,-0.00244832993485034,True
638609675617826200,18.0779361724854,36.4567565917969,-1.83879280090332,0.0181464,0.03645676,-0.001846241,0.1081453114748,0.967431128025055,0.759555101394653,0.0116137331351638,0.788324534893036,0.000108408770756796,True
638609675618127330,16.7764835357666,36.4567565917969,-1.70263719558716,0.01691353,0.03645676,-0.00171649,0.100332528352737,0.967431128025055,0.759555101394653,0.0065002553164959,0.787046194076538,0.0065002553164959,True
638609675618457446,15.4044284820557,36.593334197998,-1.58111464977264,0.01560647,0.03655589,-0.001639453,0.0921085476875305,0.968247175216675,0.760370075702667,-0.00244832993485034,0.787046194076538,0.0128921018913388,True
638609675618808320,13.5288515090942,36.9825439453125,-1.70534777641296,0.01373811,0.03695186,-0.001677381,0.081006184220314,0.971919417381287,0.76159256696701,-0.0113969156518579,0.787046194076538,0.021840687841177,True
638609675619129850,11.9457216262817,37.5583381652832,-1.67547309398651,0.01215217,0.03742207,-0.001678724,0.0715486034750938,0.975591659545898,0.764852464199066,-0.020345501601696,0.785767793655396,0.0333460122346878,True
638609675619459983,10.6573829650879,37.9208297729492,-1.36467349529266,0.01079471,0.03792083,-0.001373495,0.0637358278036118,0.976407706737518,0.768112361431122,-0.0280157160013914,0.785767793655396,0.0474080741405487,True
638609675619778128,9.97923564910889,38.2085380554199,-1.17848873138428,0.01004564,0.0381707,-0.001221533,0.0596238374710083,0.977223753929138,0.770557284355164,-0.0356859341263771,0.787046194076538,0.0589133985340595,True
638609675620117778,9.36451435089111,38.3525810241699,-1.0710266828537,0.009364515,0.03835258,-0.001071027,0.0559230484068394,0.977631747722626,0.771779716014862,-0.0420777797698975,0.787046194076538,0.06786198168993,True
638609675620450809,8.9496955871582,38.3146934509277,-1.08732652664185,0.008949696,0.0383147,-0.001087327,0.0534558556973934,0.977631747722626,0.771372258663177,-0.0459128879010677,0.787046194076538,0.0729754641652107,True
638609675620799612,8.81828117370605,38.4284057617188,-0.963379740715027,0.008816234,0.03839049,-0.001002245,0.0526334568858147,0.977631747722626,0.772594690322876,-0.0484696254134178,0.785767793655396,0.0793673098087311,True
638609675621119318,8.6826343536377,38.4663391113281,-0.917332351207733,0.008682635,0.03846634,-0.0009173324,0.0518110617995262,0.977631747722626,0.773002207279205,-0.0510263666510582,0.785767793655396,0.0832024142146111,True
638609675621459185,8.47773361206055,38.5726661682129,-0.87415087223053,0.008477734,0.03857267,-0.0008741509,0.0505774617195129,0.978039801120758,0.773817181587219,-0.0535831041634083,0.785767793655396,0.0857591554522514,True
638609675621811884,7.7869086265564,38.6030502319336,-0.885792136192322,0.007855769,0.03860305,-0.0008890083,0.0464654751121998,0.97844785451889,0.773817181587219,-0.0548614710569382,0.787046194076538,0.0870375260710716,True
638609675622122837,7.29752635955811,38.5878524780273,-1.0319801568985,0.007366327,0.03858785,-0.001034995,0.0435870811343193,0.97926390171051,0.773002207279205,-0.0548614710569382,0.787046194076538,0.0895942598581314,True
638609675622593690,7.16517686843872,38.6334190368652,-0.903226733207703,0.007165177,0.03863342,-0.0009032268,0.0427646860480309,0.978855848312378,0.773817181587219,-0.0548614710569382,0.785767793655396,0.097264476120472,True
638609675622929871,6.95860958099365,38.6334190368652,-0.894515216350555,0.00695861,0.03863342,-0.0008945153,0.0415310896933079,0.978855848312378,0.773817181587219,-0.0548614710569382,0.787046194076538,0.101099587976933,True
638609675623258773,6.81905460357666,38.6637725830078,-0.933970808982849,0.006819055,0.03866377,-0.0009339708,0.0407086908817291,0.97926390171051,0.773817181587219,-0.0561398416757584,0.785767793655396,0.103656321763992,True
638609675623596017,6.61405897140503,38.7017555236816,-0.886858820915222,0.006682919,0.03870176,-0.0008895927,0.0394750945270061,0.97926390171051,0.774224638938904,-0.0561398416757584,0.784489452838898,0.106213063001633,True
638609675623935359,6.26974201202393,38.7017555236816,-0.873614311218262,0.006338608,0.03870176,-0.0008762066,0.0374190993607044,0.97926390171051,0.774224638938904,-0.0574182122945786,0.785767793655396,0.108769804239273,True
638609675624247228,5.37294864654541,38.7320861816406,-0.887640178203583,0.005441809,0.03873209,-0.0008898637,0.032073512673378,0.979671895503998,0.774224638938904,-0.0574182122945786,0.785767793655396,0.110048174858093,True
638609675624586385,2.80569005012512,39.7938232421875,-1.94638895988464,0.003151252,0.03967454,-0.001770506,0.0168591551482677,0.991504669189453,0.776262104511261,-0.0586965791881084,0.784489452838898,0.112604908645153,True
638609675625015065,-1.29219603538513,41.089729309082,-2.9581732749939,-0.0009524132,0.04106051,-0.002909966,-0.00781277846544981,1.00415349006653,0.780336976051331,-0.07915049046278,0.784489452838898,0.117718391120434,True
638609675625254582,-3.492755651474,41.3515510559082,-1.82385969161987,-0.003147914,0.04137191,-0.001946932,-0.0209711436182261,0.999257206916809,0.786856710910797,-0.0893774479627609,0.779375970363617,0.129223719239235,True
638609675625594301,-6.30826473236084,41.2041549682617,-1.6779066324234,-0.006035768,0.04117462,-0.00162209,-0.0378302969038486,0.997217059135437,0.786856710910797,-0.114944830536842,0.784489452838898,0.139450669288635,True
638609675625934270,-9.46827220916748,41.3581962585449,-1.67394125461578,-0.009123069,0.04138772,-0.001700467,-0.0567454472184181,0.997217059135437,0.788486659526825,-0.139233842492104,0.785767793655396,0.152234360575676,True
638609675626277489,-11.8602504730225,40.5885810852051,-0.93727034330368,-0.01164692,0.04071681,-0.00102055,-0.0707262083888054,0.988240480422974,0.787264227867126,-0.160966128110886,0.787046194076538,0.163739681243896,True
638609675626595202,-12.8731107711792,39.1979522705078,-0.364945501089096,-0.01272714,0.03939609,-0.0004574919,-0.0764829963445663,0.977223753929138,0.7811518907547,-0.182698413729668,0.789602935314178,0.171409904956818,True
638609675626929870,-13.2940187454224,38.3047256469727,-0.315113067626953,-0.01322444,0.03837345,-0.0003158092,-0.0789501890540123,0.971919417381287,0.775854587554932,-0.195482105016708,0.790881276130676,0.179080113768578,True
638609675627278707,-13.3018312454224,37.6552391052246,-0.216354712843895,-0.01330137,0.03772401,-0.0002222388,-0.0789501890540123,0.967839121818542,0.772187232971191,-0.203152313828468,0.789602935314178,0.182915225625038,True
638609675627598036,-13.3138046264648,37.3561172485352,-0.0650112181901932,-0.01331028,0.03738708,-0.0001096182,-0.0789501890540123,0.965390980243683,0.770964741706848,-0.205709055066109,0.788324534893036,0.186750337481499,True
638609675627928696,-13.311182975769,37.2494468688965,-0.0981518924236298,-0.01331118,0.03724945,-9.81519E-05,-0.0789501890540123,0.964982926845551,0.770149767398834,-0.206987425684929,0.788324534893036,0.186750337481499,True
638609675628262849,-13.311182975769,37.2494468688965,-0.0981518924236298,-0.01331118,0.03724945,-9.81519E-05,-0.0789501890540123,0.964982926845551,0.770149767398834,-0.205709055066109,0.788324534893036,0.188028708100319,True
638609675628588633,-13.37682056427,37.2804183959961,-0.148232623934746,-0.01337682,0.03728042,-0.0001482326,-0.0793613865971565,0.965390980243683,0.770149767398834,-0.204430684447289,0.788324534893036,0.186750337481499,True
638609675628918601,-13.4459838867188,37.2804183959961,-0.153747379779816,-0.01344598,0.03728042,-0.0001537474,-0.0797725841403008,0.965390980243683,0.770149767398834,-0.205709055066109,0.788324534893036,0.188028708100319,True
638609675629260996,-13.5151443481445,37.2804183959961,-0.159290567040443,-0.01351514,0.03728042,-0.0001592906,-0.080183781683445,0.965390980243683,0.770149767398834,-0.204430684447289,0.788324534893036,0.186750337481499,True
638609675629588970,-13.5879049301147,37.2494468688965,-0.120273642241955,-0.01358791,0.03724945,-0.0001202736,-0.0805949792265892,0.964982926845551,0.770149767398834,-0.204430684447289,0.788324534893036,0.186750337481499,True
638609675629938448,-13.7312717437744,37.0119400024414,-0.0699836984276772,-0.01373081,0.03708078,-7.560523E-05,-0.0814173817634583,0.963350832462311,0.768927335739136,-0.204430684447289,0.788324534893036,0.186750337481499,True
638609675630267780,-13.7444114685059,36.5741844177246,0.091044008731842,-0.01374397,0.0366431,8.56004E-05,-0.0814173817634583,0.960086643695831,0.766889870166779,-0.204430684447289,0.788324534893036,0.186750337481499,True
638609675630607128,-13.8259153366089,36.2736053466797,0.234647020697594,-0.01382228,0.03630491,0.0001902909,-0.0818285793066025,0.957638442516327,0.76566743850708,-0.203152313828468,0.788324534893036,0.188028708100319,True
638609675631098710,-14.1836748123169,36.1795921325684,0.338834047317505,-0.01418368,0.03617959,0.0003388341,-0.0838845744729042,0.956414401531219,0.76566743850708,-0.204430684447289,0.788324534893036,0.188028708100319,True
638609675631248209,-14.3232889175415,36.0415420532227,0.337591826915741,-0.01432329,0.03604154,0.0003375918,-0.0847069695591927,0.9555983543396,0.764852464199066,-0.204430684447289,0.788324534893036,0.188028708100319,True
638609675631587463,-14.6203184127808,35.8151893615723,0.540123820304871,-0.01461649,0.03584669,0.000495925,-0.0863517671823502,0.953150153160095,0.764444947242737,-0.204430684447289,0.788324534893036,0.188028708100319,True
638609675631916388,-14.8441610336304,35.6890068054199,0.698607861995697,-0.01484416,0.03568901,0.0006986079,-0.0875853672623634,0.951518058776855,0.764444947242737,-0.206987425684929,0.788324534893036,0.188028708100319,True
638609675632266693,-15.072322845459,35.5308685302734,0.900664806365967,-0.01507232,0.03553087,0.0009006648,-0.0888189598917961,0.949477910995483,0.764444947242737,-0.209544166922569,0.788324534893036,0.186750337481499,True
638609675632594206,-15.2233858108521,35.4357681274414,1.02034640312195,-0.01521943,0.03546749,0.0009763145,-0.0896413549780846,0.948253870010376,0.764444947242737,-0.210822537541389,0.789602935314178,0.186750337481499,True
638609675632924496,-15.3706550598145,35.3722801208496,1.09578788280487,-0.01537066,0.03537228,0.001095788,-0.0904637575149536,0.947437822818756,0.764444947242737,-0.21210090816021,0.789602935314178,0.185471966862679,True
638609675633271796,-15.6588106155396,35.1004829406738,1.17283546924591,-0.01565475,0.03513233,0.001128904,-0.0921085476875305,0.945397675037384,0.763222515583038,-0.215936005115509,0.790881276130676,0.184193596243858,True
638609675633593144,-16.1774311065674,34.0050888061523,1.44963276386261,-0.0160324,0.03424586,0.001405896,-0.0949869453907013,0.937645196914673,0.757925152778625,-0.22104948759079,0.793438017368317,0.181636855006218,True
638609675633928822,-16.7618293762207,32.3441467285156,1.65834152698517,-0.01668693,0.03251607,0.001614409,-0.0982765331864357,0.927036464214325,0.748960494995117,-0.22871969640255,0.794716417789459,0.180358484387398,True
638609675634269741,-17.778959274292,30.7604331970215,1.25454211235046,-0.01770857,0.0308995,0.001255662,-0.104444518685341,0.919691979885101,0.737958312034607,-0.236389920115471,0.794716417789459,0.180358484387398,True
638609675634608598,-19.0413990020752,29.0217151641846,1.18594169616699,-0.0188964,0.02926375,0.001151634,-0.111846096813679,0.909491360187531,0.727771162986755,-0.244060128927231,0.794716417789459,0.181636855006218,True
638609675634933344,-20.0523548126221,27.2880153656006,1.37225127220154,-0.02004716,0.02739158,0.001328305,-0.11760288476944,0.898066580295563,0.718806445598602,-0.254287093877792,0.793438017368317,0.181636855006218,True
638609675635273211,-20.9782543182373,25.791353225708,1.41577696800232,-0.02090818,0.02593085,0.001422247,-0.122948467731476,0.888681948184967,0.710656702518463,-0.265792399644852,0.794716417789459,0.181636855006218,True
638609675635618142,-22.048469543457,24.3274059295654,1.4642254114151,-0.02190862,0.02453688,0.001480823,-0.1291164457798,0.879297375679016,0.702914476394653,-0.274740993976593,0.794716417789459,0.179080113768578,True
638609675635941006,-23.2637424468994,23.1050548553467,1.51590859889984,-0.02318826,0.02320998,0.001484225,-0.136106833815575,0.871136844158173,0.696802198886871,-0.286246329545975,0.795994758605957,0.179080113768578,True
638609675636275917,-24.4331760406494,21.7380886077881,1.72368109226227,-0.02435747,0.02184357,0.001693409,-0.142686009407043,0.861344218254089,0.690689861774445,-0.297751635313034,0.795994758605957,0.179080113768578,True
638609675636595025,-25.1906452178955,20.3996315002441,2.01631569862366,-0.02510896,0.02061167,0.001947797,-0.146797999739647,0.851551532745361,0.684985041618347,-0.307978600263596,0.7972731590271,0.177801743149757,True
638609675636930105,-25.798620223999,19.1738796234131,1.77459836006165,-0.02572915,0.01931421,0.001788395,-0.150498792529106,0.845023095607758,0.677242815494537,-0.316927194595337,0.79982990026474,0.175245001912117,True
638609675637278934,-26.4619846343994,18.1137943267822,1.89636015892029,-0.0264623,0.01818405,0.001898402,-0.154199585318565,0.837678670883179,0.672352969646454,-0.320762306451797,0.798551499843597,0.176523372530937,True
638609675637597851,-26.7884464263916,15.9708309173584,2.60684609413147,-0.02677656,0.01611546,0.002530987,-0.155433177947998,0.821357607841492,0.664203226566315,-0.325875759124756,0.801108241081238,0.175245001912117,True
638609675637926799,-27.0958576202393,12.7766008377075,2.72834658622742,-0.02703293,0.01288004,0.002786454,-0.157077983021736,0.801364302635193,0.647496283054352,-0.333545982837677,0.803664982318878,0.171409904956818,True
638609675638269344,-27.5080547332764,9.51632690429688,2.60005402565002,-0.02750547,0.009837316,0.002583971,-0.159545168280602,0.781778991222382,0.62956690788269,-0.337381094694138,0.806221723556519,0.167574793100357,True
638609675638602739,-28.2262325286865,6.63146305084229,2.14301133155823,-0.02816157,0.006983853,0.002187611,-0.164068356156349,0.765457928180695,0.612452447414398,-0.342494577169418,0.806221723556519,0.166296422481537,True
638609675638931572,-28.7054023742676,3.76463890075684,2.85218119621277,-0.0286897,0.00402614,0.002758548,-0.166124358773232,0.744240522384644,0.601857781410217,-0.345051318407059,0.803664982318878,0.163739681243896,True
638609675639255819,-28.5248546600342,1.62326729297638,2.20537948608398,-0.02854122,0.00175407,0.002303236,-0.165713146328926,0.73363184928894,0.587188243865967,-0.355278253555298,0.808778464794159,0.153512731194496,True
638609675639585537,-28.7722778320313,-0.809534847736359,3.68477177619934,-0.02873116,-0.0005215502,0.00343893,-0.165713146328926,0.712006449699402,0.583520889282227,-0.355278253555298,0.804943382740021,0.149677619338036,True
638609675639920466,-28.6425151824951,-4.23754978179932,3.77885174751282,-0.02865552,-0.003994789,0.003857021,-0.164890751242638,0.689972996711731,0.567221403121948,-0.364226847887039,0.811335206031799,0.135615557432175,True
638609675640259344,-28.5784893035889,-6.21683073043823,2.95900630950928,-0.02859003,-0.006046582,0.003028209,-0.165301948785782,0.68058842420578,0.552959382534027,-0.37061870098114,0.815170288085938,0.124110236763954,True
638609675640597675,-28.7088050842285,-8.07543087005615,3.74016308784485,-0.02869638,-0.007804865,0.003665687,-0.165301948785782,0.6654914021492,0.548884510993958,-0.365505218505859,0.811335206031799,0.120275124907494,True
638609675640926943,-28.3656463623047,-10.0655612945557,3.4234025478363,-0.02838526,-0.009867798,0.003542167,-0.163657158613205,0.654066681861877,0.537474870681763,-0.37061870098114,0.812613546848297,0.110048174858093,True
638609675641265810,-28.1528415679932,-11.2673711776733,3.01129364967346,-0.02816272,-0.01116908,0.003071421,-0.162834763526917,0.647946298122406,0.529325187206268,-0.37061870098114,0.81389194726944,0.101099587976933,True
638609675641594395,-27.4033584594727,-12.5367822647095,3.75367093086243,-0.02753182,-0.01233462,0.003649416,-0.157900378108025,0.637337565422058,0.527287721633911,-0.36678358912468,0.811335206031799,0.0959861129522324,True
638609675641943116,-26.1171436309814,-14.1624126434326,3.39859390258789,-0.02621141,-0.01401089,0.003542929,-0.15090999007225,0.628769040107727,0.51669305562973,-0.36934033036232,0.81389194726944,0.0857591554522514,True
638609675642281948,-25.6280517578125,-15.3722877502441,2.06773686408997,-0.02563513,-0.01534609,0.002114815,-0.149265199899673,0.625912845134735,0.502838551998138,-0.37061870098114,0.81644868850708,0.0768105685710907,True
638609675642593490,-24.8528747558594,-18.3179798126221,4.14117479324341,-0.02497268,-0.01809351,0.003968562,-0.143097206950188,0.599391102790833,0.502023577690125,-0.361670106649399,0.810056805610657,0.0755321979522705,True
638609675642932403,-21.935131072998,-22.5769901275635,3.91888332366943,-0.0220853,-0.02248102,0.003967077,-0.126649260520935,0.573277413845062,0.480426758527756,-0.37061870098114,0.817727029323578,0.0576350279152393,True
638609675643323254,-18.0291118621826,-25.9876022338867,3.64090061187744,-0.01838603,-0.02572971,0.003634723,-0.104444518685341,0.552876055240631,0.462089866399765,-0.357834994792938,0.81900542974472,0.0499648116528988,True
638609675643594152,-15.2471265792847,-28.4023475646973,3.66410446166992,-0.01552628,-0.02812137,0.003597253,-0.0884077623486519,0.537371039390564,0.4510877430439,-0.342494577169418,0.817727029323578,0.0371811203658581,True
638609675643952262,-11.6834421157837,-30.7949523925781,3.58639907836914,-0.01190196,-0.03063118,0.003664778,-0.0678478181362152,0.522274076938629,0.439678102731705,-0.322040677070618,0.817727029323578,0.0154488412663341,True
638609675644281241,-7.46181631088257,-32.6365585327148,4.36630487442017,-0.007887748,-0.03251852,0.004343642,-0.0431758835911751,0.507993161678314,0.436418205499649,-0.299030005931854,0.81389194726944,-0.00116996059659868,True
638609675644605368,-3.0475025177002,-33.9493637084961,3.98695659637451,-0.003616416,-0.03378613,0.004071957,-0.0176815520972013,0.500648677349091,0.42826846241951,-0.277297735214233,0.815170288085938,-0.0139536540955305,True
638609675644942099,0.917857229709625,-34.6644706726074,3.35213923454285,0.0006355285,-0.03459444,0.003377008,0.00534558575600386,0.497792482376099,0.421341210603714,-0.247895240783691,0.815170288085938,-0.0254589784890413,True
638609675645280945,3.52771544456482,-35.4860496520996,3.20778012275696,0.003317004,-0.03534606,0.003259817,0.0205599442124367,0.492488116025925,0.417673826217651,-0.215936005115509,0.815170288085938,-0.0344075635075569,True
638609675645619799,5.78939580917358,-36.5526657104492,3.28380656242371,0.005366653,-0.03636445,0.003320848,0.0337183102965355,0.484735608100891,0.414821416139603,-0.191646993160248,0.812613546848297,-0.0446345172822475,True
638609675645931586,7.91439819335938,-37.2449951171875,3.37785077095032,0.007701424,-0.03719673,0.003362401,0.0460542738437653,0.47943127155304,0.413598954677582,-0.175028190016747,0.810056805610657,-0.0523047335445881,True
638609675646272506,9.74780654907227,-37.7363548278809,2.0096960067749,0.009611928,-0.03776329,0.002092616,0.0571566447615623,0.479839295148849,0.403411775827408,-0.163522869348526,0.812613546848297,-0.0663667991757393,True
638609675646593296,11.657901763916,-35.7229385375977,2.17384815216064,0.01137923,-0.03588856,0.002220094,0.0682590156793594,0.492896139621735,0.412376493215561,-0.136677116155624,0.801108241081238,-0.0612533204257488,True
638609675646943439,15.4224157333374,-33.2066955566406,1.66640162467957,0.01513897,-0.03346304,0.00164908,0.0904637575149536,0.510849297046661,0.420118749141693,-0.113666459918022,0.79982990026474,-0.0676451697945595,True
638609675647292735,19.2765884399414,-30.7973384857178,3.2799608707428,0.01897023,-0.03096053,0.003094151,0.111846096813679,0.521049976348877,0.442123025655746,-0.08298559486866,0.7972731590271,-0.0663667991757393,True
638609675647605201,23.088737487793,-28.872127532959,1.79915392398834,0.02248796,-0.02924643,0.002103728,0.134873241186142,0.537371039390564,0.44293799996376,-0.0612533204257488,0.801108241081238,-0.0740370154380798,True
638609675647939741,25.6985893249512,-27.0801582336426,0.646145701408386,0.0254986,-0.02717284,0.0007341136,0.15090999007225,0.552060008049011,0.444975435733795,-0.0280157160013914,0.79982990026474,-0.0714802742004395,True
638609675648279271,27.5602493286133,-26.3117198944092,0.707684755325317,0.02734387,-0.02633536,0.000693255,0.161601170897484,0.556140303611755,0.450272768735886,0.00266514741815627,0.795994758605957,-0.0676451697945595,True
638609675648603421,29.1480827331543,-26.2193222045898,0.38282835483551,0.02887051,-0.02621932,0.0004305428,0.171058744192123,0.556956350803375,0.450272768735886,0.0180055797100067,0.794716417789459,-0.0676451697945595,True
638609675648952769,30.870698928833,-26.1269702911377,0.0176595449447632,0.03059373,-0.02612697,6.820777E-05,0.181338712573051,0.557772397994995,0.450272768735886,0.0307892728596926,0.793438017368317,-0.0676451697945595,True
638609675649271654,32.2542915344238,-26.1269702911377,-0.241911187767982,0.03211603,-0.02612697,-0.0002154422,0.189562693238258,0.557772397994995,0.450272768735886,0.0422945953905582,0.793438017368317,-0.0676451697945595,True
638609675649600528,33.8323135375977,-25.3291358947754,0.108653582632542,0.0335863,-0.02542501,-4.103608E-05,0.198197871446609,0.561036586761475,0.457607507705688,0.0550782904028893,0.788324534893036,-0.0638100579380989,True
638609675649938505,35.7866859436035,-23.6843299865723,0.470029443502426,0.03578272,-0.02375471,0.0004513042,0.208889037370682,0.56960517168045,0.469017148017883,0.0691403523087502,0.787046194076538,-0.0650884285569191,True
638609675650278732,37.8402900695801,-21.1054172515869,0.548045337200165,0.03769607,-0.02136256,0.0005553235,0.220402598381042,0.585110187530518,0.482871681451797,0.0857591554522514,0.788324534893036,-0.0676451697945595,True
638609675650623595,39.3989067077637,-18.2902584075928,0.650730490684509,0.03924068,-0.01864403,0.0006002827,0.229037776589394,0.602247297763824,0.497541218996048,0.106213063001633,0.788324534893036,-0.0676451697945595,True
638609675650952725,40.3469772338867,-16.2075176239014,0.627133667469025,0.04019681,-0.01642004,0.0006132082,0.234383374452591,0.615304112434387,0.507728397846222,0.122831866145134,0.789602935314178,-0.0689235329627991,True
638609675651281283,40.8294105529785,-14.7905416488647,0.494665682315826,0.04074523,-0.01488806,0.0004503435,0.237261757254601,0.624688744544983,0.513840675354004,0.135615557432175,0.790881276130676,-0.0689235329627991,True
638609675651608082,41.3684539794922,-13.5646066665649,-0.00566411670297384,0.04124532,-0.0136523,9.088436E-05,0.24096255004406,0.634073376655579,0.51710057258606,0.143285781145096,0.789602935314178,-0.0676451697945595,True
638609675651966867,42.1039886474609,-12.878023147583,-0.2962506711483,0.04202344,-0.01290499,-0.0003247158,0.245485737919807,0.638969659805298,0.519545495510101,0.147120878100395,0.789602935314178,-0.0689235329627991,True
638609675652291114,43.0073509216309,-12.3668270111084,-0.501778304576874,0.04292666,-0.01239391,-0.0005297461,0.250831335783005,0.642233908176422,0.521990418434143,0.150955989956856,0.789602935314178,-0.0676451697945595,True
638609675652592136,43.8476181030273,-11.7144355773926,-0.667987287044525,0.04378694,-0.01175788,-0.000618274,0.255765706300735,0.646314144134521,0.525250315666199,0.156069472432137,0.788324534893036,-0.0676451697945595,True
638609675652941036,44.6996154785156,-10.5946254730225,-0.792207360267639,0.04463566,-0.01070857,-0.0007552493,0.260700106620789,0.653250634670258,0.530955135822296,0.162461310625076,0.787046194076538,-0.0676451697945595,True
638609675653279846,44.9468002319336,-9.12110996246338,-0.696333706378937,0.04494338,-0.009191894,-0.0007090851,0.26193368434906,0.662227213382721,0.538697361946106,0.167574793100357,0.787046194076538,-0.0663667991757393,True
638609675653598719,45.0082893371582,-6.74089574813843,-0.742557883262634,0.04500439,-0.007066398,-0.0007571006,0.262344896793365,0.677732229232788,0.549699485301971,0.172688275575638,0.783211052417755,-0.0638100579380989,True
638609675653958996,44.9182243347168,-3.37554407119751,-1.35213327407837,0.0449251,-0.003740848,-0.001326563,0.262756079435349,0.701805770397186,0.562331557273865,0.177801743149757,0.783211052417755,-0.0638100579380989,True
638609675654287875,44.6809959411621,-0.190475657582283,-1.41337144374847,0.04467107,-0.0004723361,-0.001450475,0.261522501707077,0.722615122795105,0.577408611774445,0.182915225625038,0.783211052417755,-0.0625316873192787,True
638609675654626741,44.7306175231934,2.97341370582581,-1.22797775268555,0.0447082,0.00259037,-0.001311744,0.261522501707077,0.741792380809784,0.594523012638092,0.188028708100319,0.781932711601257,-0.0625316873192787,True
638609675655023530,44.6940269470215,5.3016505241394,-1.63918578624725,0.04472042,0.005413568,-0.0009905874,0.26193368434906,0.758113443851471,0.604302704334259,0.188028708100319,0.788324534893036,-0.0663667991757393,True
638609675655423227,44.5396842956543,8.26745510101318,-1.39170634746552,0.04454951,0.008228601,-0.001354904,0.260700106620789,0.77565860748291,0.621009647846222,0.195698916912079,0.783211052417755,-0.0612533204257488,True
638609675655743412,44.5200881958008,10.6645755767822,-1.18919396400452,0.04450214,0.01027977,-0.001256616,0.260288894176483,0.789531528949738,0.634864211082458,0.199534028768539,0.779375970363617,-0.0574182122945786,True
638609675656067454,44.5792198181152,12.5802602767944,-1.2435063123703,0.0445948,0.01222231,-0.001185114,0.260700106620789,0.801364302635193,0.64505136013031,0.196977287530899,0.781932711601257,-0.0586965791881084,True
638609675656396271,44.125072479248,14.8875074386597,-1.29201245307922,0.04413075,0.01449787,-0.001270536,0.258232891559601,0.816053211688995,0.656868517398834,0.196977287530899,0.780654311180115,-0.0586965791881084,True
638609675656736925,43.1471786499023,17.4305438995361,-1.1006646156311,0.04328103,0.01700797,-0.001150408,0.252476125955582,0.831558227539063,0.670723021030426,0.198255658149719,0.780654311180115,-0.0586965791881084,True
638609675657067506,42.3023643493652,19.4829425811768,-1.25431370735168,0.04243862,0.01927209,-0.00129371,0.247952938079834,0.84543114900589,0.680502712726593,0.195698916912079,0.783211052417755,-0.0599749498069286,True
638609675657406967,40.6797676086426,22.0503349304199,-1.02792513370514,0.04088564,0.02176948,-0.001080303,0.238495349884033,0.861344218254089,0.69435727596283,0.194420546293259,0.780654311180115,-0.0586965791881084,True
638609675657735861,39.2785758972168,24.1888408660889,-1.41837477684021,0.03950396,0.02390936,-0.001384598,0.231093779206276,0.877257227897644,0.703321993350983,0.190585434436798,0.781932711601257,-0.0599749498069286,True
638609675658067425,37.9721794128418,26.1769599914551,-1.4389271736145,0.03804134,0.02603737,-0.001452256,0.223692193627357,0.890314102172852,0.713509142398834,0.188028708100319,0.781932711601257,-0.0599749498069286,True
638609675658406681,37.1286506652832,28.2345371246338,-1.34114921092987,0.03719906,0.02795549,-0.001348661,0.218757808208466,0.902554869651794,0.725326240062714,0.185471966862679,0.780654311180115,-0.0574182122945786,True
638609675658737317,36.5539741516113,30.3600769042969,-1.3345308303833,0.03662629,0.02994179,-0.001333,0.215468212962151,0.91520369052887,0.737550854682922,0.181636855006218,0.781932711601257,-0.0586965791881084,True
638609675659084039,34.9123115539551,31.3784065246582,-1.62816858291626,0.03512759,0.03127614,-0.001625646,0.206421837210655,0.924180269241333,0.740810751914978,0.176523372530937,0.787046194076538,-0.0625316873192787,True
638609675659400112,32.735523223877,31.8356094360352,-1.80802500247955,0.03295787,0.03177051,-0.001762993,0.194085881114006,0.929892659187317,0.740810751914978,0.170131534337997,0.785767793655396,-0.0612533204257488,True
638609675659736748,30.9402103424072,32.2439155578613,-2.29906916618347,0.03122948,0.03217939,-0.002264071,0.184217095375061,0.936421096324921,0.739588260650635,0.158626213669777,0.785767793655396,-0.0574182122945786,True
638609675660055806,29.200740814209,32.8777313232422,-1.76359629631042,0.02946077,0.03280413,-0.001890583,0.173525929450989,0.93886923789978,0.744478106498718,0.148399248719215,0.783211052417755,-0.049747996032238,True
638609675660392522,27.7465419769287,33.6681175231934,-1.60554838180542,0.02793975,0.03352526,-0.001714271,0.164890751242638,0.943765580654144,0.748960494995117,0.136893928050995,0.784489452838898,-0.0407994091510773,True
638609675660731726,25.9865436553955,34.8597984313965,-1.6142258644104,0.02626295,0.03465338,-0.001643246,0.15461078286171,0.951926112174988,0.755072772502899,0.126666978001595,0.785767793655396,-0.0331291928887367,True
638609675661066235,24.0074005126953,35.7982292175293,-1.72682702541351,0.02428859,0.03569833,-0.001717411,0.143097206950188,0.959270596504211,0.759147644042969,0.116440020501614,0.785767793655396,-0.0254589784890413,True
638609675661395326,21.7828979492188,36.6085929870605,-1.65493285655975,0.02205261,0.03650251,-0.001724535,0.12993885576725,0.964982926845551,0.763222515583038,0.107491433620453,0.784489452838898,-0.0152320228517056,True
638609675661893012,18.1700782775879,36.3705406188965,-1.62901949882507,0.01858572,0.03640798,-0.001635218,0.108556509017944,0.965799033641815,0.759962618350983,0.0844807848334312,0.789602935314178,-0.00628343783318996,True
638609675662072378,16.8471565246582,36.1835746765137,-1.6882803440094,0.01732681,0.03618358,-0.001737464,0.100743725895882,0.965799033641815,0.757925152778625,0.0768105685710907,0.789602935314178,-0.00116996059659868,True
638609675662441121,13.8259363174438,36.1462287902832,-1.45009982585907,0.01403181,0.03614623,-0.001467283,0.0826509743928909,0.965799033641815,0.757517695426941,0.0601917691528797,0.787046194076538,0.0116137331351638,True
638609675662740404,11.5585031509399,36.4193458557129,-1.29912531375885,0.01189913,0.03638196,-0.001362569,0.0690814107656479,0.967431128025055,0.759147644042969,0.0461297035217285,0.784489452838898,0.0282325334846973,True
638609675663080676,9.0948371887207,37.1909370422363,-0.955082476139069,0.009368281,0.03708498,-0.001003757,0.0542782545089722,0.970695316791534,0.764852464199066,0.0282325334846973,0.783211052417755,0.0499648116528988,True
638609675663407796,7.31484413146973,37.933895111084,-0.634915769100189,0.007449307,0.03785823,-0.0007189201,0.0435870811343193,0.973551511764526,0.770557284355164,0.0154488412663341,0.784489452838898,0.06786198168993,True
638609675663736703,5.87254858016968,38.7780494689941,-0.400442987680435,0.006147827,0.03860296,-0.0004364706,0.0349519066512585,0.977223753929138,0.776669561862946,0.00266514741815627,0.785767793655396,0.0832024142146111,True
638609675664076351,4.8354229927063,39.1891212463379,-0.405981510877609,0.004835423,0.03918912,-0.0004059815,0.0287839230149984,0.979671895503998,0.779114484786987,-0.00756180705502629,0.788324534893036,0.093429371714592,True
638609675664407441,2.82354736328125,40.2427635192871,-0.887277781963348,0.003031074,0.04014451,-0.0008385496,0.0168591551482677,0.988240480422974,0.783596813678741,-0.0139536540955305,0.787046194076538,0.103656321763992,True
638609675664746006,0.960312843322754,41.3786773681641,-1.53773415088654,0.001235131,0.04121311,-0.001479086,0.00575678423047066,0.998033106327057,0.78807920217514,-0.0216238703578711,0.787046194076538,0.110048174858093,True
638609675665086784,-0.75671124458313,42.0172576904297,-1.05513083934784,-0.0006879198,0.04201726,-0.001054834,-0.00452318787574768,0.998849153518677,0.794191479682922,-0.0292940866202116,0.783211052417755,0.121553495526314,True
638609675665420484,-2.75294137001038,42.0265655517578,-0.992239475250244,-0.002477668,0.04202657,-0.0009879379,-0.0164479557424784,0.998441159725189,0.794598996639252,-0.0395210422575474,0.787046194076538,0.133058816194534,True
638609675665745153,-5.02176094055176,41.8126106262207,-1.10591912269592,-0.004746456,0.04188083,-0.00110548,-0.0300175193697214,0.997625052928925,0.792969048023224,-0.0484696254134178,0.787046194076538,0.142007410526276,True
638609675666075092,-7.71663427352905,41.0499076843262,-0.913260102272034,-0.00736804,0.04117771,-0.0009960796,-0.0460542738437653,0.991912722587585,0.789301633834839,-0.0650884285569191,0.787046194076538,0.152234360575676,True
638609675666403975,-10.1504755020142,40.3316841125488,-0.628891408443451,-0.009805213,0.0404002,-0.0006153585,-0.0604462362825871,0.985792279243469,0.786449253559113,-0.0855423361063004,0.787046194076538,0.165018051862717,True
638609675666743703,-12.0218286514282,39.7916641235352,-0.613572359085083,-0.01167065,0.03985205,-0.0006795198,-0.0715486034750938,0.982120096683502,0.783596813678741,-0.104717880487442,0.789602935314178,0.172688275575638,True
638609675667075306,-13.2255353927612,39.1370506286621,-0.301863759756088,-0.01308033,0.03919796,-0.0003809536,-0.0785389915108681,0.976407706737518,0.7811518907547,-0.120058305561543,0.789602935314178,0.180358484387398,True
638609675667416325,-13.9530048370361,38.4486618041992,0.0837993696331978,-0.01388006,0.0384794,4.477691E-05,-0.0826509743928909,0.970287322998047,0.778707027435303,-0.131563633680344,0.790881276130676,0.185471966862679,True
638609675667745240,-14.1052875518799,38.0114860534668,0.236829176545143,-0.01410478,0.03808047,0.0002308025,-0.08347337692976,0.967023074626923,0.776669561862946,-0.140512213110924,0.790881276130676,0.186750337481499,True
638609675668081865,-14.1846008300781,37.604564666748,0.349841713905334,-0.01418086,0.03763558,0.0003052905,-0.0838845744729042,0.964166879653931,0.774632155895233,-0.146904066205025,0.790881276130676,0.189307063817978,True
638609675668410770,-14.1902885437012,37.2973365783691,0.417493760585785,-0.01418981,0.03736639,0.0004117575,-0.0838845744729042,0.962126791477203,0.773002207279205,-0.149460807442665,0.790881276130676,0.189307063817978,True
638609675668746799,-14.3366289138794,37.2350769042969,0.494698733091354,-0.01433663,0.03723508,0.0004946988,-0.0847069695591927,0.961310684680939,0.773002207279205,-0.152017548680305,0.789602935314178,0.190585434436798,True
638609675669082630,-14.4098491668701,37.2039222717285,0.533234775066376,-0.01440985,0.03720392,0.0005332348,-0.0851181671023369,0.960902690887451,0.773002207279205,-0.153295919299126,0.789602935314178,0.190585434436798,True
638609675669406069,-14.4907178878784,37.1103439331055,0.660551011562347,-0.01448691,0.03714156,0.0006161451,-0.0855293720960617,0.959678590297699,0.773002207279205,-0.154574275016785,0.789602935314178,0.191863805055618,True
638609675669735017,-14.5211362838745,36.8600044250488,1.01534080505371,-0.01451354,0.0369227,0.0009267197,-0.0855293720960617,0.956414401531219,0.773002207279205,-0.155852645635605,0.789602935314178,0.190585434436798,True
638609675670084888,-14.6159801483154,36.3243751525879,1.30188465118408,-0.01461218,0.03635593,0.001257723,-0.0859405696392059,0.951926112174988,0.770964741706848,-0.157131016254425,0.790881276130676,0.189307063817978,True
638609675670414696,-14.8313999176025,35.9455375671387,1.35407912731171,-0.0148314,0.03594554,0.001354079,-0.0871741622686386,0.949477910995483,0.768927335739136,-0.157131016254425,0.790881276130676,0.189307063817978,True
638609675670743749,-15.0460014343262,35.7054214477539,1.39506328105927,-0.015046,0.03570542,0.001395063,-0.0884077623486519,0.947845816612244,0.767704844474792,-0.158409386873245,0.790881276130676,0.189307063817978,True
638609675671078013,-15.4078426361084,35.4710273742676,1.50575029850006,-0.01540386,0.03550285,0.001461799,-0.0904637575149536,0.945805728435516,0.766889870166779,-0.158409386873245,0.792159676551819,0.188028708100319,True
638609675671408703,-15.8314180374146,35.3696250915527,1.51609647274017,-0.01582733,0.03540149,0.001472181,-0.0929309502243996,0.944989621639252,0.766482412815094,-0.160966128110886,0.792159676551819,0.188028708100319,True
638609675671739240,-16.3089580535889,34.3255615234375,2.08784079551697,-0.01623013,0.03445983,0.002002729,-0.0953981429338455,0.936013042926788,0.762814998626709,-0.167357981204987,0.794716417789459,0.185471966862679,True
638609675672081654,-16.9967994689941,32.288890838623,2.60162687301636,-0.01692112,0.03253185,0.002554246,-0.0990989357233047,0.921732127666473,0.753035366535187,-0.173749819397926,0.795994758605957,0.184193596243858,True
638609675672422221,-18.3859252929688,30.1770534515381,2.3058340549469,-0.01817841,0.03049369,0.002356716,-0.107322908937931,0.910715401172638,0.739588260650635,-0.182698413729668,0.798551499843597,0.181636855006218,True
638609675672761080,-20.5635509490967,28.0408573150635,2.08910512924194,-0.02013678,0.02842464,0.002086845,-0.120070077478886,0.898474633693695,0.726956188678741,-0.195482105016708,0.79982990026474,0.180358484387398,True
638609675673076082,-22.5538940429688,25.3943767547607,3.147301197052,-0.02238547,0.02570905,0.002956286,-0.130761250853539,0.876849174499512,0.717584013938904,-0.210822537541389,0.7972731590271,0.182915225625038,True
638609675673424929,-23.7560348510742,23.1381549835205,2.4968466758728,-0.02369148,0.02324361,0.00254769,-0.138162821531296,0.866240501403809,0.702099502086639,-0.235111549496651,0.80238664150238,0.176523372530937,True
638609675673815986,-25.1569213867188,21.6159324645996,3.2509171962738,-0.02498029,0.02183041,0.003027998,-0.145564407110214,0.852775633335114,0.69802463054657,-0.247895240783691,0.801108241081238,0.179080113768578,True
638609675674075130,-25.474027633667,20.0456733703613,3.93285202980042,-0.02546217,0.02011826,0.003852653,-0.146797999739647,0.840126812458038,0.692727327346802,-0.259400576353073,0.80238664150238,0.176523372530937,True
638609675674415988,-26.2680721282959,18.351167678833,3.44043755531311,-0.02606304,0.01852717,0.003518272,-0.151732385158539,0.831966280937195,0.681317687034607,-0.272184252738953,0.806221723556519,0.171409904956818,True
638609675674744881,-27.43528175354,15.6750411987305,4.41159534454346,-0.0271871,0.01618461,0.004222858,-0.15748918056488,0.810748875141144,0.672352969646454,-0.279854476451874,0.808778464794159,0.165018051862717,True
638609675675083737,-28.0441226959229,11.9087724685669,5.02232503890991,-0.02796487,0.01241526,0.004984482,-0.16036756336689,0.785043239593506,0.655646026134491,-0.295194894075394,0.811335206031799,0.158626213669777,True
638609675675403185,-28.2177562713623,9.15724563598633,4.29383707046509,-0.02815562,0.009332298,0.004359755,-0.162012368440628,0.771578311920166,0.6373091340065,-0.313092082738876,0.81644868850708,0.145842507481575,True
638609675675738494,-28.2951126098633,6.78123140335083,4.32108068466187,-0.02828624,0.007074287,0.004266926,-0.162423565983772,0.756889402866364,0.625084519386292,-0.320762306451797,0.81644868850708,0.134337186813354,True
638609675676068579,-28.3229541778564,4.69776439666748,4.93746900558472,-0.02831351,0.004921145,0.004879695,-0.162012368440628,0.741384387016296,0.617749750614166,-0.324597418308258,0.81389194726944,0.120275124907494,True
638609675676411253,-28.3348541259766,3.49375605583191,5.01027917861938,-0.02833615,0.003565391,0.005018203,-0.162012368440628,0.73363184928894,0.612044930458069,-0.330989241600037,0.81389194726944,0.104934692382813,True
638609675676746275,-28.4136066436768,2.47191762924194,5.04418802261353,-0.02833918,0.002655842,0.005036763,-0.162423565983772,0.727103412151337,0.60715514421463,-0.336102724075317,0.815170288085938,0.0895942598581314,True
638609675677085138,-28.6398525238037,1.31650817394257,5.52866458892822,-0.02862822,0.001398455,0.005458015,-0.163245961070061,0.717718839645386,0.604302704334259,-0.337381094694138,0.81389194726944,0.0819240435957909,True
638609675677415984,-28.8769035339355,-0.845833003520966,6.07321548461914,-0.02887436,-0.0006601138,0.006057823,-0.164068356156349,0.701805770397186,0.596967935562134,-0.341216206550598,0.81644868850708,0.0742538273334503,True
638609675677743308,-28.9192485809326,-2.75985193252563,6.32898998260498,-0.0289131,-0.00245932,0.006291844,-0.164068356156349,0.688748955726624,0.589225709438324,-0.342494577169418,0.81644868850708,0.0704187229275703,True
638609675678070134,-28.7256298065186,-4.81359148025513,6.49775266647339,-0.02872933,-0.004669063,0.006520255,-0.162834763526917,0.675284028053284,0.580260992050171,-0.343772947788239,0.81644868850708,0.0653052479028702,True
638609675678411418,-28.6191711425781,-7.11763906478882,6.74980211257935,-0.02862026,-0.006597631,0.006756463,-0.162012368440628,0.659779012203217,0.570888817310333,-0.346329689025879,0.817727029323578,0.0576350279152393,True
638609675678741662,-28.1223087310791,-9.27144432067871,7.80247783660889,-0.02816069,-0.008894127,0.007578146,-0.158311575651169,0.642233908176422,0.566813945770264,-0.347608059644699,0.817727029323578,0.051243182271719,True
638609675679070563,-27.1643390655518,-11.6231489181519,8.81433010101318,-0.02715202,-0.01141767,0.008733972,-0.152143582701683,0.623872697353363,0.561516582965851,-0.347608059644699,0.817727029323578,0.0435729660093784,True
638609675679399588,-26.4983234405518,-13.5352897644043,9.34506511688232,-0.02648672,-0.01332832,0.009267255,-0.148031607270241,0.609999775886536,0.555811822414398,-0.345051318407059,0.81900542974472,0.0307892728596926,True
638609675679728347,-26.0362186431885,-14.98486328125,9.75908470153809,-0.02609834,-0.01477677,0.009672517,-0.14515320956707,0.599391102790833,0.551736950874329,-0.342494577169418,0.81900542974472,0.0141704715788364,True
638609675680058610,-24.7570095062256,-17.0928268432617,10.7753667831421,-0.02487953,-0.01682045,0.01057669,-0.137340426445007,0.582661986351013,0.548069536685944,-0.339937835931778,0.81900542974472,-0.00116996059659868,True
638609675680396155,-22.8123435974121,-19.0611515045166,11.9916582107544,-0.02301473,-0.01871181,0.01180627,-0.125826865434647,0.566340923309326,0.546032130718231,-0.330989241600037,0.81900542974472,-0.00884017627686262,True
638609675680744997,-20.7567005157471,-20.5962028503418,12.4357013702393,-0.02104817,-0.02030922,0.01235102,-0.114313289523125,0.555732250213623,0.541142284870148,-0.319483935832977,0.817727029323578,-0.0165103934705257,True
638609675681065798,-18.7221164703369,-22.090461730957,13.1302452087402,-0.01886743,-0.02192301,0.01307703,-0.102799721062183,0.5443075299263,0.538289844989777,-0.306700229644775,0.81644868850708,-0.0216238703578711,True
638609675681397010,-17.0326347351074,-23.433141708374,13.5950241088867,-0.01717883,-0.02326502,0.01354462,-0.0933421477675438,0.534514844417572,0.535030007362366,-0.296473264694214,0.81644868850708,-0.0280157160013914,True
638609675681715708,-15.8321943283081,-24.3383159637451,13.6682949066162,-0.01590873,-0.0242638,0.01368108,-0.0867629647254944,0.528802514076233,0.531362593173981,-0.287524700164795,0.81644868850708,-0.0331291928887367,True
638609675682054804,-14.9820919036865,-24.9691543579102,13.4148378372192,-0.01498981,-0.02491447,0.01350844,-0.0822397768497467,0.525946319103241,0.526880264282227,-0.279854476451874,0.81644868850708,-0.0382426716387272,True
638609675682404852,-14.4302101135254,-25.4297466278076,13.0972099304199,-0.01443394,-0.02540261,0.01314414,-0.0793613865971565,0.524314224720001,0.522805392742157,-0.273462623357773,0.815170288085938,-0.0433561503887177,True
638609675682714852,-13.874490737915,-25.8683891296387,12.7023544311523,-0.0138781,-0.02584146,0.01274941,-0.0764829963445663,0.523090124130249,0.518323004245758,-0.269627511501312,0.81644868850708,-0.049747996032238,True
638609675683058305,-13.0360488891602,-26.271764755249,12.4945688247681,-0.01311187,-0.02619782,0.01250931,-0.0719598084688187,0.521458029747009,0.515063107013702,-0.267070770263672,0.81644868850708,-0.0561398416757584,True
638609675683385610,-11.980001449585,-26.6474609375,12.3440818786621,-0.01205745,-0.02662082,0.01238639,-0.0662030205130577,0.51982593536377,0.512210726737976,-0.261957317590714,0.81644868850708,-0.0625316873192787,True
638609675683704522,-10.181303024292,-27.1698989868164,12.1890239715576,-0.01040674,-0.02714343,0.01222371,-0.0563342496752739,0.517377734184265,0.508543372154236,-0.258122205734253,0.817727029323578,-0.0702019035816193,True
638609675684063285,-7.36195993423462,-28.0651969909668,12.3950109481812,-0.00758468,-0.02794398,0.01238005,-0.0407086908817291,0.511257350444794,0.505690932273865,-0.247895240783691,0.81644868850708,-0.0753153786063194,True
638609675684379236,-4.52872753143311,-28.9283828735352,12.1608543395996,-0.004901717,-0.02882864,0.01222005,-0.0250831320881844,0.506769061088562,0.500393629074097,-0.238946661353111,0.817727029323578,-0.08298559486866,True
638609675684707774,-1.7791987657547,-29.8849906921387,11.9298582077026,-0.002076218,-0.02973792,0.01196994,-0.00986877363175154,0.50146472454071,0.495096296072006,-0.227441340684891,0.817727029323578,-0.0880990773439407,True
638609675685045310,1.40519726276398,-30.9167137145996,11.505166053772,0.001110098,-0.03079227,0.01162522,0.00781277846544981,0.496160358190536,0.488576501607895,-0.213379263877869,0.81644868850708,-0.0970476642251015,True
638609675685384191,4.19310855865479,-32.0272331237793,10.516809463501,0.003902546,-0.03187907,0.01069058,0.023438336327672,0.492080092430115,0.478389322757721,-0.200595572590828,0.820283770561218,-0.109831355512142,True
638609675685705224,7.018235206604,-32.8863487243652,9.34658050537109,0.006658318,-0.0328127,0.00950596,0.0394750945270061,0.490039974451065,0.468202173709869,-0.186533510684967,0.820283770561218,-0.121336676180363,True
638609675686311418,14.526086807251,-32.0526351928711,7.88252830505371,0.01394833,-0.03210042,0.007955308,0.0822397768497467,0.499016553163528,0.464534789323807,-0.144347324967384,0.815170288085938,-0.144347324967384,True
638609675686421057,15.7500257492065,-31.6697425842285,7.69141292572021,0.01547352,-0.03171636,0.00786592,0.0892301574349403,0.501872718334198,0.465349763631821,-0.136677116155624,0.815170288085938,-0.148182436823845,True
638609675686704757,19.4569492340088,-30.5741195678711,6.83392477035522,0.01882267,-0.03081158,0.007036743,0.110612504184246,0.510849297046661,0.466164737939835,-0.114944830536842,0.815170288085938,-0.164801239967346,True
638609675687045879,23.6185131072998,-29.0572757720947,5.70326328277588,0.02313171,-0.0292459,0.005878152,0.134873241186142,0.523090124130249,0.467794686555862,-0.0893774479627609,0.81389194726944,-0.180141672492027,True
638609675687384775,27.1685523986816,-27.4787139892578,4.56764841079712,0.02682148,-0.02757231,0.004677998,0.155844375491142,0.535738945007324,0.469832122325897,-0.0638100579380989,0.81389194726944,-0.192925363779068,True
638609675687703666,30.1360454559326,-25.5641555786133,3.1574764251709,0.0297371,-0.025796,0.003371563,0.173937126994133,0.551652014255524,0.471462070941925,-0.0395210422575474,0.812613546848297,-0.204430684447289,True
638609675688034000,33.0908584594727,-23.3225803375244,2.22239255905151,0.03273844,-0.02351019,0.002281429,0.191618680953979,0.567973077297211,0.477981835603714,-0.0113969156518579,0.806221723556519,-0.208265796303749,True
638609675688364609,36.0343246459961,-20.1965045928955,3.37790966033936,0.03571182,-0.02048928,0.003244743,0.206833034753799,0.582661986351013,0.501616060733795,0.0192839484661818,0.7972731590271,-0.206987425684929,True
638609675688807817,41.3029937744141,-15.3377504348755,2.7610604763031,0.04080997,-0.01590221,0.002877838,0.236850559711456,0.61244797706604,0.525657773017883,0.0486864447593689,0.795994758605957,-0.21210090816021,True
638609675689156602,43.8243637084961,-11.3247880935669,2.10370182991028,0.04370479,-0.01152773,0.002220144,0.251653730869293,0.63856166601181,0.54317969083786,0.0768105685710907,0.798551499843597,-0.215936005115509,True
638609675689495511,44.2023048400879,-9.05382442474365,2.40857577323914,0.04417586,-0.009183021,0.002306404,0.25329852104187,0.651618480682373,0.555811822414398,0.102377958595753,0.794716417789459,-0.213379263877869,True
638609675689804430,44.1820297241211,-7.44347238540649,2.33025431632996,0.04418727,-0.007558299,0.002350498,0.25329852104187,0.662227213382721,0.562739074230194,0.113883279263973,0.792159676551819,-0.213379263877869,True
638609675690113503,44.4148902893066,-6.15355825424194,2.07388973236084,0.04440884,-0.006297192,0.002050652,0.254943311214447,0.671203792095184,0.567628920078278,0.116440020501614,0.792159676551819,-0.213379263877869,True
638609675690454206,44.6679840087891,-4.72797203063965,1.61235308647156,0.0446825,-0.004884182,0.001667577,0.256999313831329,0.681812465190887,0.572111248970032,0.118996754288673,0.793438017368317,-0.213379263877869,True
638609675690803625,44.9421615600586,-3.00035333633423,1.51856684684753,0.04486409,-0.003215302,0.001505895,0.258644104003906,0.692829191684723,0.580260992050171,0.121553495526314,0.790881276130676,-0.210822537541389,True
638609675691142922,45.2321624755859,-1.1055816411972,1.76569485664368,0.04521288,-0.001351138,0.00169317,0.2598777115345,0.703437864780426,0.591263115406036,0.122831866145134,0.789602935314178,-0.209544166922569,True
638609675691462241,45.3701171875,1.26454925537109,1.16131985187531,0.04540019,0.0008860543,0.001273648,0.261522501707077,0.720575034618378,0.599820375442505,0.125388607382774,0.790881276130676,-0.209544166922569,True
638609675691807823,45.149528503418,4.15215253829956,0.337155312299728,0.04516041,0.003786988,0.0003777854,0.261522501707077,0.742200434207916,0.609600067138672,0.130502074956894,0.789602935314178,-0.208265796303749,True
638609675692194850,45.1740455627441,6.84715843200684,1.54712343215942,0.04514975,0.006711519,0.001455741,0.2598777115345,0.753625154495239,0.629974365234375,0.140729039907455,0.787046194076538,-0.205709055066109,True
638609675692473912,45.1019630432129,8.78518962860107,1.27602887153625,0.04511983,0.008635181,0.001343225,0.2598777115345,0.766682028770447,0.638531565666199,0.142007410526276,0.790881276130676,-0.208265796303749,True
638609675692792862,44.5081214904785,11.9074153900146,0.439292252063751,0.04462441,0.01157321,0.0005984965,0.257821708917618,0.789939522743225,0.649941205978394,0.149677619338036,0.788324534893036,-0.206987425684929,True
638609675693132658,43.8863983154297,14.492133140564,0.330209285020828,0.04394314,0.01431661,0.0002637187,0.254532098770142,0.806668639183044,0.662573277950287,0.156069472432137,0.788324534893036,-0.203152313828468,True
638609675693473443,43.4524612426758,16.63134765625,0.369487792253494,0.04345179,0.0165603,0.0003668735,0.252064913511276,0.819725453853607,0.673982918262482,0.159904569387436,0.787046194076538,-0.198038846254349,True
638609675693814692,42.8615684509277,18.5201663970947,0.37121656537056,0.0429295,0.01830722,0.0003478842,0.248775333166122,0.831558227539063,0.683762609958649,0.162461310625076,0.787046194076538,-0.192925363779068,True
638609675694144554,42.3933372497559,20.3400688171387,-0.0224619880318642,0.04248184,0.02012615,3.657068E-05,0.24671933054924,0.84461510181427,0.691504836082458,0.165018051862717,0.787046194076538,-0.190368622541428,True
638609675694463180,41.784008026123,22.2196998596191,-0.402114152908325,0.0418628,0.02204294,-0.0003802447,0.243840947747231,0.858079969882965,0.699654579162598,0.166296422481537,0.785767793655396,-0.186533510684967,True
638609675694794257,41.0636291503906,24.2642784118652,-0.651123881340027,0.0411231,0.02394736,-0.000706689,0.240140154957771,0.871952891349792,0.709434270858765,0.167574793100357,0.784489452838898,-0.182698413729668,True
638609675695125315,40.5079078674316,25.8130149841309,-0.532847940921783,0.04049855,0.02570688,-0.0005716207,0.236850559711456,0.880929470062256,0.718398988246918,0.167574793100357,0.783211052417755,-0.177584931254387,True
638609675695458568,39.6641883850098,27.114315032959,-0.399188190698624,0.03972425,0.02700791,-0.0004535544,0.231916174292564,0.888681948184967,0.725733757019043,0.165018051862717,0.783211052417755,-0.173749819397926,True
638609675695789516,38.6334457397461,28.3736667633057,-0.448446035385132,0.03877245,0.02823316,-0.0004762319,0.226159393787384,0.897250533103943,0.731846034526825,0.163739681243896,0.783211052417755,-0.171193078160286,True
638609675696149398,37.293327331543,29.6350364685059,-0.274208247661591,0.03750177,0.02949464,-0.0003152872,0.218346610665321,0.905003011226654,0.738773286342621,0.159904569387436,0.785767793655396,-0.167357981204987,True
638609675696448451,35.9690093994141,29.8089962005615,-0.0350305214524269,0.03617661,0.029809,-7.952983E-05,0.210533827543259,0.906227111816406,0.739588260650635,0.153512731194496,0.789602935314178,-0.167357981204987,True
638609675696797219,34.3062210083008,29.8089962005615,0.311737447977066,0.03444492,0.029809,0.0002834671,0.200665056705475,0.906227111816406,0.739588260650635,0.145842507481575,0.790881276130676,-0.159687757492065,True
638609675697146671,33.5726203918457,30.1663494110107,0.614344596862793,0.03363428,0.03012962,0.0005612512,0.196141868829727,0.907451212406158,0.742440700531006,0.138172298669815,0.789602935314178,-0.152017548680305,True
638609675697470352,32.9134674072266,30.6315212249756,0.93564236164093,0.03298308,0.03063152,0.0009220941,0.192029878497124,0.909083306789398,0.746108055114746,0.135615557432175,0.790881276130676,-0.145625695586205,True
638609675697809618,31.7416877746582,30.9867115020752,1.22776234149933,0.03187378,0.03094974,0.001162467,0.185039505362511,0.910715401172638,0.748552978038788,0.133058816194534,0.790881276130676,-0.140512213110924,True
638609675698145411,30.5349807739258,31.6861362457275,1.33142244815826,0.0306828,0.03158264,0.00135206,0.178049117326736,0.91520369052887,0.752220392227173,0.127945348620415,0.790881276130676,-0.136677116155624,True
638609675698473946,29.3038234710693,32.6941719055176,1.2843827009201,0.02945139,0.03259109,0.001306721,0.171058744192123,0.922140181064606,0.757110178470612,0.124110236763954,0.790881276130676,-0.132842004299164,True
638609675698792901,27.5695285797119,33.9746437072754,1.20362210273743,0.02785686,0.03380203,0.001209691,0.161189958453178,0.931116759777069,0.763222515583038,0.118996754288673,0.792159676551819,-0.127728521823883,True
638609675699132736,25.4897708892822,35.2500953674316,1.14820730686188,0.02569958,0.03518021,0.001121472,0.149265199899673,0.940093338489532,0.76933479309082,0.112604908645153,0.792159676551819,-0.120058305561543,True
638609675699474051,23.3449954986572,36.4507179260254,1.0726193189621,0.02363048,0.03634925,0.001083096,0.136929228901863,0.948661863803864,0.775039613246918,0.103656321763992,0.792159676551819,-0.109831355512142,True
638609675699812914,20.9074230194092,37.4936370849609,0.842577993869781,0.02126151,0.03739277,0.0008491174,0.122948467731476,0.957230448722839,0.779114484786987,0.093429371714592,0.792159676551819,-0.0996043980121613,True
638609675700131626,18.897611618042,37.50048828125,1.162482380867,0.01910671,0.03750049,0.001139042,0.11102370172739,0.956822395324707,0.779522001743317,0.0793673098087311,0.794716417789459,-0.0932125523686409,True
638609675700457640,16.8925094604492,37.3749542236328,1.55269229412079,0.01710209,0.03737495,0.001531724,0.0990989357233047,0.955190300941467,0.779522001743317,0.06786198168993,0.794716417789459,-0.0842639654874802,True
638609675700796552,14.6182947158813,37.5493659973145,1.32874143123627,0.01483147,0.03751809,0.001354928,0.0859405696392059,0.958454549312592,0.778707027435303,0.0525215528905392,0.795994758605957,-0.0753153786063194,True
638609675701143930,12.155740737915,37.736686706543,1.25485706329346,0.01236496,0.03773669,0.001239733,0.0715486034750938,0.960902690887451,0.778707027435303,0.038459487259388,0.794716417789459,-0.0663667991757393,True
638609675701468049,10.0358390808105,38.1165733337402,0.939991414546967,0.01031699,0.0380856,0.0009679065,0.0592126399278641,0.965390980243683,0.779114484786987,0.023119056597352,0.795994758605957,-0.0561398416757584,True
638609675701786983,8.08004760742188,38.593074798584,0.917838156223297,0.00821738,0.03855481,0.0008726033,0.0476990714669228,0.968655169010162,0.781559407711029,0.00905699376016855,0.794716417789459,-0.0471912585198879,True
638609675702125843,6.33455228805542,39.138011932373,0.857582092285156,0.006541795,0.03909963,0.0008111992,0.0374190993607044,0.972327411174774,0.784411787986755,-0.00628343783318996,0.794716417789459,-0.036964301019907,True
638609675702474701,5.214111328125,40.1953926086426,0.666605949401855,0.005285237,0.04009608,0.000716479,0.030839916318655,0.97926390171051,0.790116608142853,-0.0177887622267008,0.794716417789459,-0.0280157160013914,True
638609675702793641,4.9380087852478,40.7941436767578,0.740090847015381,0.004938218,0.04072517,0.0007472419,0.0291951205581427,0.982120096683502,0.794191479682922,-0.0267373472452164,0.795994758605957,-0.0229022391140461,True
638609675703132497,3.91972279548645,42.1329078674316,1.841792345047,0.003988824,0.04209366,0.001802594,0.0230271369218826,0.98334413766861,0.807231068611145,-0.0254589784890413,0.788324534893036,-0.0101185459643602,True
638609675703483925,1.9494104385376,43.1858596801758,0.956690490245819,0.002159428,0.04312648,0.001045338,0.0115135684609413,0.993952870368958,0.810083448886871,-0.0344075635075569,0.792159676551819,-0.00884017627686262,True
638609675703806361,-1.39019894599915,43.3635711669922,0.688342034816742,-0.0009731449,0.04336357,0.0006912575,-0.00822397787123919,0.996401011943817,0.810083448886871,-0.0433561503887177,0.793438017368317,-0.00372669915668666,True
638609675704134674,-4.44430017471313,42.8226928710938,0.488387614488602,-0.00416659,0.0428227,0.0004954692,-0.0263167284429073,0.994360864162445,0.806008577346802,-0.0625316873192787,0.794716417789459,0.0065002553164959,True
638609675704469322,-7.84827470779419,42.586368560791,0.433936148881912,-0.007640058,0.04258637,0.0004434893,-0.0464654751121998,0.992728769779205,0.804786145687103,-0.0868207067251205,0.794716417789459,0.0295109041035175,True
638609675704968134,-12.6125431060791,42.0300178527832,0.798916816711426,-0.01240055,0.04206004,0.0007690876,-0.0744270011782646,0.986200332641602,0.803971171379089,-0.129006892442703,0.795994758605957,0.0601917691528797,True
638609675705117600,-13.3971757888794,41.6718902587891,0.988785624504089,-0.01332399,0.04170206,0.0009491373,-0.0789501890540123,0.982936143875122,0.802748739719391,-0.143068954348564,0.798551499843597,0.0653052479028702,True
638609675705456496,-14.5822973251343,40.9169654846191,1.72868287563324,-0.01450088,0.04100857,0.001600049,-0.0855293720960617,0.974367558956146,0.801526248455048,-0.163522869348526,0.79982990026474,0.0819240435957909,True
638609675705805295,-14.816143989563,39.8188705444336,1.9870525598526,-0.01474879,0.03992743,0.002024227,-0.0867629647254944,0.967023074626923,0.79582142829895,-0.178863301873207,0.801108241081238,0.0908726304769516,True
638609675706134198,-14.7474021911621,39.2223854064941,2.00817084312439,-0.01475013,0.03933081,0.002039651,-0.0863517671823502,0.963758885860443,0.79215407371521,-0.186533510684967,0.801108241081238,0.097264476120472,True
638609675706483025,-14.7655725479126,38.749095916748,2.21806788444519,-0.01476503,0.0388189,0.002211744,-0.0863517671823502,0.960086643695831,0.790116608142853,-0.189090251922607,0.798551499843597,0.102377958595753,True
638609675706812061,-14.8571615219116,38.3132553100586,2.45861983299255,-0.01485331,0.03834461,0.002414321,-0.0867629647254944,0.956414401531219,0.788486659526825,-0.191646993160248,0.7972731590271,0.103656321763992,True
638609675707141212,-15.0683994293213,38.2433471679688,2.44628047943115,-0.0150684,0.03824335,0.002446281,-0.0879965648055077,0.956006348133087,0.78807920217514,-0.194203734397888,0.798551499843597,0.103656321763992,True
638609675707500486,-15.4897403717041,38.2433471679688,2.40858387947083,-0.01541952,0.03824335,0.002414939,-0.0904637575149536,0.956006348133087,0.78807920217514,-0.196760475635529,0.798551499843597,0.104934692382813,True
638609675707832558,-15.915111541748,38.2119560241699,2.41409754753113,-0.01584489,0.03821196,0.002420628,-0.0929309502243996,0.9555983543396,0.78807920217514,-0.198038846254349,0.798551499843597,0.104934692382813,True
638609675708179077,-16.2191905975342,37.7746315002441,2.63257765769958,-0.01621501,0.03780619,0.00258845,-0.0945757478475571,0.951926112174988,0.786449253559113,-0.200595572590828,0.798551499843597,0.103656321763992,True
638609675708507590,-16.3490161895752,37.1310882568359,2.5064582824707,-0.01634847,0.03720107,0.002500796,-0.0953981429338455,0.949069917201996,0.781966865062714,-0.203152313828468,0.79982990026474,0.102377958595753,True
638609675708847297,-16.4203414916992,36.463020324707,2.51087880134583,-0.0164193,0.03660299,0.002500068,-0.0958093404769897,0.945397675037384,0.777892053127289,-0.204430684447289,0.79982990026474,0.103656321763992,True
638609675709175646,-16.5040988922119,35.6989440917969,2.64399027824402,-0.01650361,0.03576899,0.00263891,-0.096220538020134,0.94050133228302,0.773817181587219,-0.204430684447289,0.798551499843597,0.103656321763992,True
638609675709573448,-17.0499038696289,33.6273536682129,3.85496258735657,-0.01691423,0.03425873,0.003204104,-0.0986877307295799,0.922548174858093,0.766889870166779,-0.205709055066109,0.798551499843597,0.103656321763992,True
638609675709879895,-17.7526550292969,31.5021953582764,3.73291158676147,-0.01753496,0.03174709,0.003701647,-0.102799721062183,0.91112345457077,0.753850340843201,-0.21210090816021,0.80238664150238,0.0998212173581123,True
638609675710166882,-19.1756477355957,30.1025047302246,3.01649856567383,-0.01897272,0.03024639,0.003116718,-0.111434899270535,0.906227111816406,0.74284815788269,-0.217214375734329,0.803664982318878,0.097264476120472,True
638609675710515596,-21.9611301422119,28.2106056213379,2.99830627441406,-0.02173318,0.02845353,0.002894786,-0.127471655607224,0.893986344337463,0.733068466186523,-0.227441340684891,0.80238664150238,0.0998212173581123,True
638609675710917992,-24.165864944458,25.440523147583,3.88638639450073,-0.02400666,0.02568714,0.003780388,-0.13939642906189,0.87236088514328,0.722473859786987,-0.247895240783691,0.803664982318878,0.0998212173581123,True
638609675711177118,-24.3684921264648,24.0218334197998,3.78704071044922,-0.02436844,0.02409272,0.003786701,-0.140630021691322,0.864608407020569,0.713916599750519,-0.263235688209534,0.806221723556519,0.0947077423334122,True
638609675711501559,-24.7693023681641,22.5313968658447,4.06337690353394,-0.02475769,0.02274481,0.00398255,-0.142686009407043,0.854407727718353,0.706989347934723,-0.272184252738953,0.806221723556519,0.093429371714592,True
638609675711843171,-25.0980701446533,20.9712429046631,3.83605265617371,-0.02502764,0.0211841,0.003848947,-0.144742012023926,0.84624719619751,0.697209656238556,-0.278576105833054,0.807500123977661,0.0921510010957718,True
638609675712174196,-25.9315147399902,19.5541210174561,3.60480809211731,-0.02579074,0.01976685,0.003630377,-0.149676397442818,0.838494718074799,0.688652455806732,-0.283689588308334,0.807500123977661,0.0908726304769516,True
638609675712517034,-26.9833717346191,17.6602191925049,3.85081052780151,-0.02683661,0.01791029,0.003839972,-0.155433177947998,0.825437843799591,0.680095255374908,-0.287524700164795,0.807500123977661,0.0921510010957718,True
638609675712837661,-27.6973876953125,14.407958984375,4.68379926681519,-0.02752084,0.01499153,0.004491492,-0.158722773194313,0.80177229642868,0.667055666446686,-0.297751635313034,0.810056805610657,0.0895942598581314,True
638609675713200000,-28.3231391906738,9.03153800964355,5.38733720779419,-0.02827378,0.009743153,0.005534795,-0.161601170897484,0.765865981578827,0.642606437206268,-0.310535341501236,0.81389194726944,0.0857591554522514,True
638609675713508950,-28.8071689605713,5.27719736099243,5.20908403396606,-0.02872245,0.00568411,0.005140295,-0.164479553699493,0.743424475193024,0.62263959646225,-0.319483935832977,0.812613546848297,0.0806456804275513,True
638609675713838247,-29.1691513061523,1.92760908603668,4.31171941757202,-0.02908865,0.002477827,0.004267286,-0.167357951402664,0.726287364959717,0.601042807102203,-0.327154129743576,0.81389194726944,0.0576350279152393,True
638609675714178076,-29.4698963165283,-1.47581517696381,5.22273826599121,-0.02945138,-0.001094374,0.005113665,-0.168180346488953,0.700989723205566,0.589633166790009,-0.333545982837677,0.81389194726944,0.0243974253535271,True
638609675714516945,-29.3971652984619,-4.80526113510132,6.09811305999756,-0.02938582,-0.004461716,0.006030785,-0.16694675385952,0.676508128643036,0.578631043434143,-0.343772947788239,0.81644868850708,-0.00244832993485034,True
638609675714846172,-29.2827835083008,-7.50691604614258,6.73718214035034,-0.02928062,-0.006871125,0.006724218,-0.165713146328926,0.656922876834869,0.56966632604599,-0.348886430263519,0.817727029323578,-0.0216238703578711,True
638609675715187753,-29.0079917907715,-9.59141731262207,7.76371192932129,-0.02898901,-0.009344188,0.00764848,-0.163245961070061,0.639785706996918,0.56599897146225,-0.350164800882339,0.81644868850708,-0.0305724553763866,True
638609675715517590,-28.8628520965576,-11.2992029190063,8.24070739746094,-0.02884674,-0.01097723,0.008142104,-0.162012368440628,0.627136886119843,0.561109125614166,-0.35144317150116,0.817727029323578,-0.0407994091510773,True
638609675715852259,-28.6451148986816,-12.6797761917114,8.73774433135986,-0.02862732,-0.0124292,0.008627742,-0.16036756336689,0.616528213024139,0.557849228382111,-0.350164800882339,0.817727029323578,-0.0459128879010677,True
638609675716177561,-28.2362804412842,-13.7836713790894,8.98474502563477,-0.02822159,-0.01364982,0.00889248,-0.157900378108025,0.608775734901428,0.55418187379837,-0.348886430263519,0.817727029323578,-0.049747996032238,True
638609675716497359,-28.1588401794434,-14.6948204040527,8.96788692474365,-0.02814916,-0.01460522,0.008906896,-0.15748918056488,0.603063344955444,0.550107002258301,-0.348886430263519,0.817727029323578,-0.0535831041634083,True
638609675716838465,-28.0460948944092,-15.7751731872559,9.20047378540039,-0.02803904,-0.01561181,0.009155819,-0.156666770577431,0.595310807228088,0.546847105026245,-0.347608059644699,0.81900542974472,-0.0548614710569382,True
638609675717169433,-27.7380638122559,-17.0414352416992,10.1061754226685,-0.02771962,-0.01685995,0.009987474,-0.154199585318565,0.583886086940765,0.546847105026245,-0.342494577169418,0.817727029323578,-0.0548614710569382,True
638609675717518646,-27.1132335662842,-18.7611179351807,10.9409074783325,-0.02716933,-0.01857799,0.01081348,-0.150087594985962,0.570013165473938,0.544402182102203,-0.341216206550598,0.81900542974472,-0.0561398416757584,True
638609675717838671,-26.3399868011475,-20.3916683197021,11.8371067047119,-0.0264698,-0.02008661,0.01169046,-0.14515320956707,0.556548297405243,0.542772233486176,-0.336102724075317,0.817727029323578,-0.0548614710569382,True
638609675718177891,-24.9032707214355,-22.4636497497559,12.9327945709229,-0.02510634,-0.02210926,0.01275372,-0.136518031358719,0.539819240570068,0.540327310562134,-0.328432500362396,0.81644868850708,-0.0535831041634083,True
638609675718516737,-23.1333446502686,-24.0150527954102,13.3291168212891,-0.02343952,-0.02379094,0.013348,-0.126649260520935,0.52921050786972,0.53543746471405,-0.320762306451797,0.81644868850708,-0.0548614710569382,True
638609675718846508,-21.514476776123,-25.1502342224121,13.7475805282593,-0.02181219,-0.02490634,0.01369716,-0.11760288476944,0.521049976348877,0.532585084438324,-0.309256970882416,0.815170288085938,-0.0548614710569382,True
638609675719186835,-19.8024482727051,-26.0993499755859,14.0452375411987,-0.01995171,-0.02597718,0.01402223,-0.1081453114748,0.514521539211273,0.529732644557953,-0.299030005931854,0.815170288085938,-0.0586965791881084,True
638609675719526331,-18.2756290435791,-26.6300830841064,13.9410705566406,-0.01843499,-0.02657548,0.01401946,-0.0999213308095932,0.512073397636414,0.526065289974213,-0.288803070783615,0.815170288085938,-0.0663667991757393,True
638609675719846066,-16.9121265411377,-27.030740737915,13.9228944778442,-0.01714137,-0.02700356,0.01394874,-0.0925197526812553,0.510033249855042,0.523620367050171,-0.278576105833054,0.815170288085938,-0.0714802742004395,True
638609675720165043,-15.6270141601563,-27.4785232543945,13.9135999679565,-0.01578097,-0.02745146,0.01394763,-0.0855293720960617,0.507585108280182,0.521175444126129,-0.269627511501312,0.815170288085938,-0.0740370154380798,True
638609675720503409,-14.3700485229492,-27.9564990997314,13.2857847213745,-0.01452696,-0.02790297,0.01336818,-0.0789501890540123,0.507177114486694,0.514655649662018,-0.263235688209534,0.81644868850708,-0.0817072317004204,True
638609675720842800,-12.9225149154663,-28.3657398223877,12.9991645812988,-0.01315117,-0.02826501,0.01305132,-0.0711374059319496,0.505953013896942,0.510580778121948,-0.255565464496613,0.81644868850708,-0.0868207067251205,True
638609675721171697,-11.0399322509766,-28.9637336730957,12.8324508666992,-0.01119024,-0.0288897,0.01284454,-0.0608574375510216,0.50309681892395,0.506505906581879,-0.247895240783691,0.817727029323578,-0.0944909229874611,True
638609675721512052,-8.81258583068848,-29.7374267578125,13.1298551559448,-0.009108467,-0.02964181,0.01306322,-0.0485214702785015,0.497384458780289,0.504875957965851,-0.237668290734291,0.81644868850708,-0.102161139249802,True
638609675721962024,-5.81899976730347,-30.6739521026611,13.0147352218628,-0.006192622,-0.03059994,0.01302434,-0.032073512673378,0.492080092430115,0.49998614192009,-0.22488459944725,0.81644868850708,-0.116223201155663,True
638609675722280906,-3.58171415328979,-31.4061145782471,13.0934724807739,-0.003880078,-0.03128403,0.0130841,-0.0197375472635031,0.487183779478073,0.497541218996048,-0.214657634496689,0.81644868850708,-0.125171780586243,True
638609675722621545,-1.04413378238678,-32.1424674987793,13.0224752426147,-0.001342433,-0.03202032,0.01301779,-0.00575678423047066,0.482695490121841,0.494281321763992,-0.204430684447289,0.815170288085938,-0.137955486774445,True
638609675722957013,1.19064104557037,-32.5439033508301,12.6183729171753,0.0009676545,-0.03251831,0.01266764,0.00657918211072683,0.481471419334412,0.490206450223923,-0.194203734397888,0.81644868850708,-0.150739178061485,True
638609675723739349,5.76186180114746,-33.3490219116211,11.2338781356812,0.005543297,-0.03329891,0.01133724,0.032073512673378,0.480655342340469,0.478796809911728,-0.173749819397926,0.81900542974472,-0.181420043110847,True
638609675723878059,6.33893442153931,-33.5486679077148,10.8280439376831,0.00620158,-0.03339905,0.0111227,0.0353631041944027,0.480655342340469,0.475536942481995,-0.168636336922646,0.81900542974472,-0.185255140066147,True
638609675724017181,7.0632176399231,-33.6493339538574,10.4855041503906,0.006784636,-0.03349888,0.01090839,0.0394750945270061,0.481063395738602,0.473092019557953,-0.166079610586166,0.81900542974472,-0.190368622541428,True
638609675724309595,8.36834239959717,-33.6046752929688,10.0374898910522,0.00815164,-0.03362823,0.01012127,0.046876672655344,0.482695490121841,0.470647096633911,-0.159687757492065,0.81900542974472,-0.198038846254349,True
638609675724628929,10.2471866607666,-32.690860748291,9.45522975921631,0.009957583,-0.03278688,0.009522982,0.0575678460299969,0.490447998046875,0.470647096633911,-0.148182436823845,0.81644868850708,-0.203152313828468,True
638609675724958596,12.8091192245483,-31.1619567871094,8.33330249786377,0.0124532,-0.03135263,0.008463939,0.0723710060119629,0.50391286611557,0.469832122325897,-0.132842004299164,0.81644868850708,-0.209544166922569,True
638609675725289827,16.0602378845215,-29.2154903411865,7.09394216537476,0.0157789,-0.02935718,0.007200848,0.0912861526012421,0.520233929157257,0.470647096633911,-0.114944830536842,0.815170288085938,-0.218492746353149,True
638609675725628681,19.6461639404297,-27.732608795166,5.92436933517456,0.01936254,-0.02777948,0.005983911,0.112257294356823,0.532882750034332,0.471054583787918,-0.0932125523686409,0.815170288085938,-0.241503402590752,True
638609675725968572,23.4621162414551,-26.8518505096436,5.62438535690308,0.0230238,-0.02694829,0.005613577,0.134050831198692,0.538187086582184,0.475536942481995,-0.0702019035816193,0.812613546848297,-0.260678946971893,True
638609675726297478,27.0650291442871,-26.1354789733887,5.30558824539185,0.02677937,-0.02613548,0.00534987,0.15461078286171,0.542267382144928,0.479611784219742,-0.0446345172822475,0.812613546848297,-0.277297735214233,True
638609675726626362,30.3483448028564,-24.8694896697998,4.36568641662598,0.030074,-0.02496217,0.004471558,0.173937126994133,0.552060008049011,0.482056707143784,-0.0190671309828758,0.810056805610657,-0.290081441402435,True
638609675726953323,33.3559913635254,-21.9605293273926,3.96802568435669,0.03271371,-0.0225275,0.004067403,0.191207483410835,0.570829212665558,0.494688808917999,0.00777862500399351,0.803664982318878,-0.296473264694214,True
638609675727292666,36.6609420776367,-18.5346832275391,4.24437379837036,0.03627868,-0.01892103,0.004189364,0.209300234913826,0.590006470680237,0.514655649662018,0.0359027497470379,0.801108241081238,-0.301586747169495,True
638609675727632760,39.2204208374023,-14.879524230957,3.39475131034851,0.03908963,-0.01522853,0.00347295,0.224514588713646,0.6148961186409,0.528510212898254,0.0589133985340595,0.803664982318878,-0.309256970882416,True
638609675727953243,40.084903717041,-11.548864364624,2.63906097412109,0.03995664,-0.01189495,0.00272493,0.230271384119987,0.63856166601181,0.539919793605804,0.0806456804275513,0.801108241081238,-0.309256970882416,True
638609675728292079,40.7740821838379,-8.64446544647217,1.18099558353424,0.04072946,-0.008958528,0.001302275,0.236028164625168,0.662227213382721,0.545624613761902,0.093429371714592,0.80238664150238,-0.313092082738876,True
638609675728640924,41.7093353271484,-5.22884225845337,3.20684242248535,0.04140354,-0.005680026,0.002868872,0.238495349884033,0.675284028053284,0.574556171894073,0.115161649882793,0.790881276130676,-0.300308376550674,True
638609675728961661,43.7409553527832,-2.01304960250854,2.36131238937378,0.04334709,-0.002653386,0.002576916,0.250831335783005,0.696909487247467,0.588003218173981,0.118996754288673,0.792159676551819,-0.302865117788315,True
638609675729300460,44.3686256408691,2.58007884025574,1.03983736038208,0.04438487,0.002427552,0.001101848,0.256176918745041,0.730367660522461,0.604302704334259,0.135615557432175,0.793438017368317,-0.301586747169495,True
638609675729629764,43.7898712158203,5.88446044921875,1.39058756828308,0.04387433,0.005329499,0.001141575,0.252476125955582,0.749952912330627,0.622232139110565,0.150955989956856,0.789602935314178,-0.296473264694214,True
638609675729950476,43.9329948425293,7.98416328430176,2.52621793746948,0.0438864,0.007710872,0.002344995,0.251653730869293,0.757705450057983,0.639346539974213,0.154791101813316,0.788324534893036,-0.293916553258896,True
638609675730279482,43.8309364318848,11.1255435943604,2.12926363945007,0.04385571,0.01079379,0.002225617,0.251653730869293,0.778514802455902,0.653608620166779,0.153512731194496,0.790881276130676,-0.295194894075394,True
638609675730619568,42.7409210205078,14.7274932861328,1.65280067920685,0.04280651,0.01437011,0.001618073,0.246308133006096,0.80340439081192,0.669093072414398,0.158626213669777,0.790881276130676,-0.292638182640076,True
638609675730958653,41.7154731750488,18.4829635620117,2.01093339920044,0.04184266,0.01801937,0.001924035,0.240140154957771,0.825029850006104,0.69028240442276,0.161182940006256,0.789602935314178,-0.288803070783615,True
638609675731287538,40.8719177246094,22.3783493041992,2.82563900947571,0.04099291,0.02187676,0.002709471,0.234383374452591,0.84461510181427,0.715139091014862,0.161182940006256,0.788324534893036,-0.284967958927155,True
638609675731627023,39.6264724731445,26.9842681884766,1.94352567195892,0.03980581,0.02655942,0.002079171,0.228626579046249,0.876441180706024,0.735920906066895,0.157347843050957,0.793438017368317,-0.284967958927155,True
638609675731950862,36.850170135498,31.4621105194092,1.35474526882172,0.03738017,0.03083178,0.001437263,0.213823422789574,0.907451212406158,0.756702721118927,0.156069472432137,0.793438017368317,-0.281132847070694,True
638609675732296963,33.000114440918,33.2509231567383,1.75462663173676,0.03349875,0.03314725,0.001705365,0.191618680953979,0.919283986091614,0.76566743850708,0.144564136862755,0.794716417789459,-0.277297735214233,True
638609675732627887,29.501392364502,33.9826126098633,1.59475541114807,0.02979591,0.0339173,0.001631734,0.171881139278412,0.927444517612457,0.766482412815094,0.126666978001595,0.795994758605957,-0.270905882120132,True
638609675732954426,27.041353225708,34.9015769958496,1.48014116287231,0.02746179,0.03476134,0.001422259,0.157900378108025,0.935196995735168,0.76974231004715,0.108769804239273,0.793438017368317,-0.259400576353073,True
638609675733293296,25.7162265777588,35.6758193969727,2.17721104621887,0.02583902,0.03556163,0.002040979,0.149676397442818,0.936829090118408,0.776669561862946,0.0921510010957718,0.793438017368317,-0.241503402590752,True
638609675733642116,24.6278686523438,36.3653259277344,2.57952976226807,0.02462237,0.03632704,0.002541362,0.143097206950188,0.939277291297913,0.781966865062714,0.0806456804275513,0.794716417789459,-0.226162970066071,True
638609675733964505,22.9047546386719,37.0882301330566,2.55250954627991,0.02319768,0.03702442,0.00260195,0.133228436112404,0.944581627845764,0.785226762294769,0.0704187229275703,0.795994758605957,-0.217214375734329,True
638609675734303933,21.0918025970459,37.0628395080566,2.9132354259491,0.02137347,0.03706284,0.002878312,0.122537270188332,0.943765580654144,0.785634279251099,0.0576350279152393,0.798551499843597,-0.213379263877869,True
638609675734624484,19.1395587921143,36.9217567443848,2.69398331642151,0.0195049,0.03696657,0.002774613,0.111434899270535,0.945397675037384,0.782781839370728,0.0461297035217285,0.79982990026474,-0.205709055066109,True
638609675734961726,15.8895101547241,37.0282440185547,2.13941097259521,0.01660703,0.03697151,0.002243249,0.0929309502243996,0.950702011585236,0.779522001743317,0.0333460122346878,0.79982990026474,-0.196760475635529,True
638609675735290636,12.8301763534546,37.2985916137695,1.83010590076447,0.01304349,0.03726716,0.001858435,0.0752493962645531,0.955190300941467,0.778707027435303,0.0192839484661818,0.7972731590271,-0.182698413729668,True
638609675736039998,5.72554111480713,38.1382102966309,1.39074993133545,0.005865133,0.03813821,0.001385984,0.0337183102965355,0.964166879653931,0.780336976051331,-0.0229022391140461,0.7972731590271,-0.141790583729744,True
638609675736179539,4.74203729629517,38.2930793762207,1.19731652736664,0.004955105,0.03820021,0.00132552,0.0279615242034197,0.966207027435303,0.780336976051331,-0.0305724553763866,0.795994758605957,-0.132842004299164,True
638609675736329049,3.20931100845337,38.9613800048828,1.29858207702637,0.003701521,0.03883811,0.001467963,0.0189151484519243,0.969471216201782,0.784819304943085,-0.0344075635075569,0.790881276130676,-0.120058305561543,True
638609675736638009,0.418373942375183,39.6145210266113,1.22450459003448,0.0006973161,0.03954538,0.00123026,0.00246719340793788,0.973551511764526,0.788486659526825,-0.0484696254134178,0.789602935314178,-0.104717880487442,True
638609675736966915,-2.30739593505859,39.9394836425781,1.68157815933228,-0.001956411,0.03989275,0.001564673,-0.013569563627243,0.972735464572906,0.792561531066895,-0.0676451697945595,0.788324534893036,-0.0906558111310005,True
638609675737295800,-5.11710643768311,39.6322135925293,2.06946301460266,-0.004765461,0.03966303,0.002034794,-0.0300175193697214,0.968655169010162,0.792561531066895,-0.0919341817498207,0.789602935314178,-0.0804288610816002,True
638609675737625097,-8.62319946289063,39.3232269287109,1.99948799610138,-0.008272944,0.03932323,0.002016857,-0.0505774617195129,0.966615080833435,0.790931582450867,-0.113666459918022,0.792159676551819,-0.0727586448192596,True
638609675737954559,-12.0056467056274,38.4917945861816,1.1150643825531,-0.0114533,0.03856847,0.001230482,-0.0707262083888054,0.965799033641815,0.782781839370728,-0.140512213110924,0.795994758605957,-0.0676451697945595,True
638609675738294731,-14.7699041366577,37.3859672546387,1.45544564723969,-0.01455233,0.03751809,0.001379093,-0.0867629647254944,0.956822395324707,0.778299510478973,-0.163522869348526,0.793438017368317,-0.0548614710569382,True
638609675738624429,-15.7598648071289,36.0885963439941,2.26685333251953,-0.01567759,0.03618413,0.00214152,-0.0921085476875305,0.944989621639252,0.774224638938904,-0.183976769447327,0.792159676551819,-0.0420777797698975,True
638609675738964183,-16.2441730499268,35.3462753295898,2.15015578269958,-0.01617775,0.03538409,0.002195674,-0.0949869453907013,0.94131737947464,0.76933479309082,-0.200595572590828,0.794716417789459,-0.036964301019907,True
638609675739303027,-17.0791282653809,33.8070297241211,2.715167760849,-0.01706959,0.03401222,0.002619669,-0.099510133266449,0.929484605789185,0.762814998626709,-0.210822537541389,0.7972731590271,-0.0331291928887367,True
638609675739621957,-17.43825340271,31.7364597320557,2.7528076171875,-0.0174379,0.03180659,0.002749337,-0.101566128432751,0.917651891708374,0.750590443611145,-0.22232785820961,0.801108241081238,-0.0344075635075569,True
638609675739949691,-18.3300952911377,29.936803817749,2.4470329284668,-0.01819299,0.03018357,0.00249364,-0.106911711394787,0.908675253391266,0.738773286342621,-0.22871969640255,0.801108241081238,-0.0331291928887367,True
638609675740289557,-19.9575653076172,27.801118850708,2.37714672088623,-0.0197414,0.02804531,0.002353683,-0.116369284689426,0.896026432514191,0.726548731327057,-0.236389920115471,0.801108241081238,-0.0318508259952068,True
638609675740618458,-21.989616394043,25.3943767547607,3.2205662727356,-0.02182736,0.02553344,0.003072513,-0.127471655607224,0.876849174499512,0.717584013938904,-0.244060128927231,0.79982990026474,-0.0292940866202116,True
638609675740957302,-23.6686725616455,23.4546527862549,2.38318657875061,-0.02346927,0.02366561,0.002494035,-0.137751623988152,0.868688642978668,0.703321993350983,-0.260678946971893,0.80238664150238,-0.0344075635075569,True
638609675741286216,-25.1391658782959,21.7939167022705,3.12980937957764,-0.02505091,0.02197165,0.003018772,-0.145564407110214,0.854407727718353,0.698432147502899,-0.268349140882492,0.801108241081238,-0.0318508259952068,True
638609675741695604,-25.9125156402588,18.5865573883057,3.95932483673096,-0.02581833,0.0188751,0.00381441,-0.149265199899673,0.831150233745575,0.684985041618347,-0.282411217689514,0.803664982318878,-0.0356859341263771,True
638609675741965318,-26.5437660217285,16.7744140625,2.88642811775208,-0.02636523,0.01701407,0.003131886,-0.153788387775421,0.825029850006104,0.669908046722412,-0.293916553258896,0.807500123977661,-0.0420777797698975,True
638609675742285159,-27.3810806274414,12.9507780075073,4.52919626235962,-0.02734589,0.0133219,0.004306989,-0.157077983021736,0.794019818305969,0.658090949058533,-0.296473264694214,0.806221723556519,-0.0382426716387272,True
638609675742624036,-27.668155670166,6.29753637313843,4.95775413513184,-0.02769265,0.007077374,0.005111163,-0.158311575651169,0.751585006713867,0.625492036342621,-0.314370453357697,0.812613546848297,-0.0471912585198879,True
638609675742962381,-28.0258026123047,1.66191041469574,4.00971460342407,-0.02796295,0.002414701,0.004070699,-0.161189958453178,0.726695418357849,0.596967935562134,-0.322040677070618,0.812613546848297,-0.0548614710569382,True
638609675743281574,-28.8593482971191,-2.24895119667053,3.33741641044617,-0.02877637,-0.001911739,0.003275409,-0.166535556316376,0.704253971576691,0.574556171894073,-0.330989241600037,0.81389194726944,-0.0727586448192596,True
638609675743640379,-28.9740791320801,-7.48250579833984,6.21469163894653,-0.02902397,-0.006753397,0.005629374,-0.164479553699493,0.659371018409729,0.566406428813934,-0.339937835931778,0.812613546848297,-0.0970476642251015,True
638609675743960823,-27.650842666626,-10.9887828826904,6.23242044448853,-0.02782204,-0.01049917,0.006383133,-0.157077983021736,0.63774561882019,0.549292027950287,-0.355278253555298,0.81900542974472,-0.122615046799183,True
638609675744290034,-26.9934005737305,-11.9850664138794,6.26136112213135,-0.02699287,-0.01179706,0.006257884,-0.153377190232277,0.631625175476074,0.544402182102203,-0.35272154211998,0.81644868850708,-0.136677116155624,True
638609675744620698,-26.8946323394775,-12.6612863540649,6.09752702713013,-0.02689199,-0.01254529,0.006080355,-0.152965992689133,0.627952992916107,0.540327310562134,-0.35144317150116,0.81644868850708,-0.150739178061485,True
638609675744951826,-26.8455638885498,-13.3301153182983,6.25600099563599,-0.02684074,-0.01328594,0.006224612,-0.152554795145988,0.623056650161743,0.538289844989777,-0.35144317150116,0.81644868850708,-0.164801239967346,True
638609675745271313,-26.8367004394531,-13.8065414428711,6.19835424423218,-0.02683899,-0.01373452,0.006213263,-0.152554795145988,0.620200455188751,0.53584498167038,-0.350164800882339,0.81644868850708,-0.172471448779106,True
638609675745619815,-26.6478614807129,-14.521710395813,6.40513896942139,-0.02664071,-0.01436078,0.00635821,-0.151321187615395,0.6148961186409,0.533807516098022,-0.347608059644699,0.815170288085938,-0.176306560635567,True
638609675745945339,-26.2699966430664,-15.4755849838257,6.33644104003906,-0.02633488,-0.01531435,0.006279571,-0.149265199899673,0.609183728694916,0.528917670249939,-0.347608059644699,0.815170288085938,-0.181420043110847,True
638609675746274886,-24.9975757598877,-17.9778060913086,7.19050788879395,-0.02505067,-0.01767971,0.007046581,-0.141452416777611,0.590414524078369,0.522397875785828,-0.347608059644699,0.817727029323578,-0.189090251922607,True
638609675746603005,-23.2046375274658,-20.8563709259033,8.09548854827881,-0.0234154,-0.02057383,0.008014904,-0.130761250853539,0.569197118282318,0.514655649662018,-0.341216206550598,0.81644868850708,-0.194203734397888,True
638609675746931518,-21.1396007537842,-23.6537017822266,8.69997501373291,-0.02142395,-0.02325015,0.008608527,-0.118836477398872,0.549611866474152,0.505690932273865,-0.333545982837677,0.81644868850708,-0.201873943209648,True
638609675747279734,-18.8543682098389,-25.6510772705078,8.70439720153809,-0.01908002,-0.02555255,0.008748298,-0.106089316308498,0.537371039390564,0.496318757534027,-0.323319047689438,0.817727029323578,-0.217214375734329,True
638609675747609549,-16.7787837982178,-26.2876491546631,8.53178787231445,-0.01700155,-0.026262,0.008558639,-0.0945757478475571,0.534514844417572,0.491428911685944,-0.313092082738876,0.81644868850708,-0.235111549496651,True
638609675747925192,-14.8546466827393,-26.4921569824219,8.31881237030029,-0.01507665,-0.02646666,0.008348166,-0.0838845744729042,0.534514844417572,0.488169014453888,-0.300308376550674,0.817727029323578,-0.255565464496613,True
638609675748264087,-13.3011865615845,-26.6232585906982,8.07760620117188,-0.013381,-0.02657252,0.008167954,-0.0752493962645531,0.534922897815704,0.485316604375839,-0.290081441402435,0.817727029323578,-0.270905882120132,True
638609675748603244,-12.7455224990845,-26.7856464385986,7.45608806610107,-0.01274901,-0.02676053,0.007504144,-0.0723710060119629,0.536146998405457,0.480426758527756,-0.281132847070694,0.820283770561218,-0.284967958927155,True
638609675748924998,-11.7663631439209,-27.3941497802734,6.93780136108398,-0.01184495,-0.02734448,0.007029388,-0.0670254155993462,0.534106850624084,0.474314481019974,-0.276019364595413,0.820283770561218,-0.296473264694214,True
638609675749273817,-9.80289745330811,-28.2779140472412,6.75983667373657,-0.009950843,-0.02818179,0.006821047,-0.0559230484068394,0.52921050786972,0.469017148017883,-0.268349140882492,0.820283770561218,-0.309256970882416,True
638609675749585272,-7.49772548675537,-29.1324119567871,6.86827373504639,-0.007784706,-0.02908529,0.006828521,-0.0427646860480309,0.523498177528381,0.465757250785828,-0.258122205734253,0.81900542974472,-0.318205565214157,True
638609675749919423,-4.81656169891357,-30.0634346008301,6.433518409729,-0.005179431,-0.02994391,0.006542307,-0.0275503247976303,0.519009828567505,0.458829969167709,-0.247895240783691,0.820283770561218,-0.332267612218857,True
638609675750249853,-1.57915842533112,-30.9897327423096,6.20778846740723,-0.001866218,-0.03087116,0.006200281,-0.00904637575149536,0.513705492019653,0.453532636165619,-0.23255480825901,0.817727029323578,-0.346329689025879,True
638609675750584515,2.15175318717957,-32.199878692627,6.07037782669067,0.001793606,-0.03205758,0.006119575,0.0123359663411975,0.505953013896942,0.448235332965851,-0.213379263877869,0.817727029323578,-0.362948477268219,True
638609675750923379,5.51029014587402,-33.0994987487793,5.62492036819458,0.005082383,-0.0329575,0.005683844,0.0316623151302338,0.501056671142578,0.442530512809753,-0.192925363779068,0.81644868850708,-0.380845665931702,True
638609675751250640,8.20049095153809,-33.7328071594238,4.93707799911499,0.008059056,-0.03366205,0.004966951,0.0472878739237785,0.498608529567719,0.436418205499649,-0.173749819397926,0.81644868850708,-0.397464454174042,True
638609675751581133,11.6902847290039,-32.8424606323242,3.68709707260132,0.01134327,-0.03291477,0.003812766,0.0678478181362152,0.507993161678314,0.432750821113586,-0.149460807442665,0.811335206031799,-0.411526530981064,True
638609675751922932,16.4799900054932,-31.1232299804688,3.13154339790344,0.01576862,-0.03133398,0.003131526,0.0958093404769897,0.520233929157257,0.438048154115677,-0.117501571774483,0.806221723556519,-0.423031836748123,True
638609675752264552,21.0820598602295,-29.1284236907959,3.41630601882935,0.02064727,-0.02929319,0.003376763,0.122126072645187,0.531250655651093,0.450680255889893,-0.0868207067251205,0.804943382740021,-0.430702060461044,True
638609675752624470,25.7116584777832,-27.2231197357178,3.10307192802429,0.0253602,-0.02734042,0.003162996,0.148854002356529,0.543083429336548,0.46005243062973,-0.0548614710569382,0.804943382740021,-0.439650654792786,True
638609675752923434,28.8939628601074,-25.9077396392822,2.68279027938843,0.02848263,-0.02611758,0.002818028,0.167357951402664,0.551652014255524,0.465757250785828,-0.0280157160013914,0.804943382740021,-0.448599219322205,True
638609675753254018,31.4806804656982,-24.5688285827637,1.3765527009964,0.03135164,-0.02466085,0.001459507,0.183394700288773,0.563484787940979,0.465757250785828,-0.00372669915668666,0.806221723556519,-0.463939666748047,True
638609675753589371,33.2374534606934,-22.5724430084229,2.22760057449341,0.03299598,-0.02271863,0.002108183,0.192441076040268,0.57286936044693,0.48124173283577,0.0256757959723473,0.794716417789459,-0.465218037366867,True
638609675753992251,36.3876571655273,-19.8152389526367,1.58206486701965,0.03603614,-0.02018915,0.001646778,0.210945025086403,0.591230571269989,0.492651373147964,0.0435729660093784,0.794716417789459,-0.475444972515106,True
638609675754271299,38.6461219787598,-16.6176929473877,1.52346777915955,0.03835877,-0.01713319,0.001551849,0.223692193627357,0.610815823078156,0.50895082950592,0.0627485066652298,0.792159676551819,-0.478001713752747,True
638609675754600205,41.0026550292969,-13.5900583267212,1.82355225086212,0.04091818,-0.01368876,0.001780118,0.236439362168312,0.627544939517975,0.527287721633911,0.0832024142146111,0.792159676551819,-0.480558454990387,True
638609675755070944,43.0942268371582,-8.89210510253906,1.57984387874603,0.04301957,-0.009221182,0.001578683,0.248364135622978,0.656922876834869,0.550107002258301,0.112604908645153,0.793438017368317,-0.483115196228027,True
638609675755399796,43.6490287780762,-4.95935487747192,1.71167099475861,0.04355896,-0.005460441,0.001650997,0.251242518424988,0.680996417999268,0.570073843002319,0.134337186813354,0.789602935314178,-0.483115196228027,True
638609675755718719,44.021369934082,-0.539340019226074,0.848971545696259,0.04396625,-0.001019628,0.00092273,0.254532098770142,0.712006449699402,0.587188243865967,0.147120878100395,0.789602935314178,-0.484393566846848,True
638609675756068631,43.8484344482422,4.94616031646729,-0.382704585790634,0.04388181,0.004251218,-0.0002548628,0.255354523658752,0.751585006713867,0.607970118522644,0.162461310625076,0.788324534893036,-0.483115196228027,True
638609675756387929,43.6196212768555,9.38043117523193,-0.411812961101532,0.04361389,0.009097433,-0.0004338789,0.254120916128159,0.779330849647522,0.630789339542389,0.175245001912117,0.785767793655396,-0.480558454990387,True
638609675756709785,43.4084701538086,13.369366645813,0.774431824684143,0.04343001,0.01288094,0.0005698603,0.251242518424988,0.798508107662201,0.658090949058533,0.185471966862679,0.785767793655396,-0.480558454990387,True
638609675757053005,42.8426780700684,16.9280796051025,1.17290210723877,0.04291684,0.0163204,0.001172868,0.247541725635529,0.8185014128685,0.678872764110565,0.193142175674438,0.787046194076538,-0.481836825609207,True
638609675757371931,41.4214324951172,19.9449634552002,0.509514331817627,0.04166713,0.01951587,0.0006100224,0.240551352500916,0.840942859649658,0.690689861774445,0.196977287530899,0.788324534893036,-0.481836825609207,True
638609675757744995,39.6431121826172,22.7501468658447,-0.179319247603416,0.03980025,0.02246787,-0.0001323403,0.23150497674942,0.862568259239197,0.701284527778625,0.195698916912079,0.788324534893036,-0.479280084371567,True
638609675758054713,38.825008392334,24.5802612304688,-0.248652741312981,0.03889437,0.02443957,-0.0002636032,0.226981788873672,0.874401032924652,0.710656702518463,0.194420546293259,0.785767793655396,-0.470331519842148,True
638609675758393553,38.2757949829102,26.3747367858887,-0.104354187846184,0.03834581,0.02616367,-0.0001164651,0.223692193627357,0.884601712226868,0.721251368522644,0.193142175674438,0.784489452838898,-0.457547813653946,True
638609675758722390,37.3976440429688,28.0497550964355,-0.457106232643127,0.03747636,0.02794564,-0.0004291153,0.21916900575161,0.896842479705811,0.728586137294769,0.191863805055618,0.785767793655396,-0.447320848703384,True
638609675759031375,36.2907829284668,30.0479736328125,-1.22137761116028,0.03637839,0.02991165,-0.001149503,0.213823422789574,0.913163542747498,0.735920906066895,0.189307063817978,0.785767793655396,-0.440929025411606,True
638609675759360340,34.1942100524902,31.2318477630615,-1.64325511455536,0.03434881,0.03116625,-0.001586392,0.202309846878052,0.924180269241333,0.73918080329895,0.185471966862679,0.788324534893036,-0.438372284173965,True
638609675759699219,31.4191665649414,31.6931247711182,-1.6327805519104,0.03169334,0.03169313,-0.001684684,0.186273097991943,0.929484605789185,0.739588260650635,0.177801743149757,0.785767793655396,-0.430702060461044,True
638609675760036483,29.0351448059082,32.0738792419434,-1.90351140499115,0.02939252,0.03200924,-0.001877349,0.1727035343647,0.935196995735168,0.738773286342621,0.162461310625076,0.785767793655396,-0.421753466129303,True
638609675760362301,26.6810207366943,32.5837020874023,-1.66575717926025,0.02688024,0.03254702,-0.001738376,0.158722773194313,0.93886923789978,0.741218209266663,0.152234360575676,0.784489452838898,-0.407691419124603,True
638609675760702925,23.8254547119141,33.6311264038086,-1.04048120975494,0.02402677,0.03352526,-0.001105239,0.141452416777611,0.943765580654144,0.748552978038788,0.138172298669815,0.781932711601257,-0.38723748922348,True
638609675761041999,21.3770942687988,35.6213226318359,-0.463704764842987,0.02170962,0.03523301,-0.0006053736,0.126649260520935,0.953558206558228,0.762000024318695,0.124110236763954,0.780654311180115,-0.3680619597435,True
638609675761380988,17.9890747070313,36.5416374206543,-0.730532705783844,0.01861539,0.03637301,-0.000743173,0.106911711394787,0.962126791477203,0.764852464199066,0.101099587976933,0.788324534893036,-0.359113365411758,True
638609675761707838,14.3695774078369,36.409423828125,-0.752354383468628,0.01471756,0.03644696,-0.0007431145,0.0855293720960617,0.963350832462311,0.762407541275024,0.0819240435957909,0.790881276130676,-0.343772947788239,True
638609675762038085,10.4871482849121,36.1096992492676,-0.780168890953064,0.01104092,0.03614711,-0.0007762486,0.0625022277235985,0.963350832462311,0.759147644042969,0.0589133985340595,0.789602935314178,-0.325875759124756,True
638609675762368976,7.24665069580078,36.1781539916992,-0.614064157009125,0.007591499,0.03617816,-0.0006293178,0.0431758835911751,0.963758885860443,0.759555101394653,0.0359027497470379,0.785767793655396,-0.306700229644775,True
638609675762697935,5.39982938766479,36.8719139099121,-0.0498356111347675,0.005603525,0.03675897,-0.0001741035,0.032073512673378,0.964982926845551,0.766074895858765,0.0154488412663341,0.784489452838898,-0.290081441402435,True
638609675763039235,1.59225082397461,38.1832962036133,0.00218950654380023,0.001938966,0.03808397,4.958153E-05,0.00945757422596216,0.972327411174774,0.774224638938904,-0.00244832993485034,0.783211052417755,-0.279854476451874,True
638609675763378102,-2.69117474555969,38.9984130859375,-0.551477611064911,-0.002208259,0.03892999,-0.0005380047,-0.016036756336689,0.979671895503998,0.777077078819275,-0.0267373472452164,0.787046194076538,-0.274740993976593,True
638609675763718796,-5.94161128997803,39.2273101806641,-0.402797430753708,-0.005595013,0.03918912,-0.000429571,-0.0353631041944027,0.979671895503998,0.779522001743317,-0.0548614710569382,0.787046194076538,-0.264514058828354,True
638609675764131804,-9.61994361877441,38.6713256835938,-0.224921867251396,-0.008716763,0.03911367,-0.0002592184,-0.0571566447615623,0.974775612354279,0.777484536170959,-0.0906558111310005,0.789602935314178,-0.253008723258972,True
638609675764450715,-13.061939239502,37.5216217041016,0.278713226318359,-0.01263494,0.03775236,0.0001648338,-0.0773053914308548,0.964574933052063,0.77340966463089,-0.113666459918022,0.789602935314178,-0.236389920115471,True
638609675764709855,-15.1591386795044,36.6001815795898,0.305558055639267,-0.015016,0.03670048,0.0002681494,-0.0896413549780846,0.958454549312592,0.768519818782806,-0.132842004299164,0.789602935314178,-0.22488459944725,True
638609675765027559,-17.0001678466797,35.9342384338379,0.519317388534546,-0.01670928,0.03602874,0.000414606,-0.100332528352737,0.952742159366608,0.766074895858765,-0.155852645635605,0.788324534893036,-0.210822537541389,True
638609675765372109,-18.2220478057861,33.5280532836914,1.440260887146,-0.01813736,0.03376418,0.00130869,-0.106911711394787,0.933972954750061,0.755887746810913,-0.177584931254387,0.793438017368317,-0.204430684447289,True
638609675765702317,-19.7265224456787,30.5304012298584,2.22507953643799,-0.01957537,0.03080688,0.00214661,-0.115135692059994,0.912347495555878,0.742033183574677,-0.191646993160248,0.795994758605957,-0.196760475635529,True
638609675766052753,-21.6178455352783,27.503002166748,1.42704975605011,-0.02128279,0.02795989,0.001583298,-0.126649260520935,0.898066580295563,0.721251368522644,-0.209544166922569,0.79982990026474,-0.198038846254349,True
638609675766422951,-24.0366802215576,24.1228275299072,2.45519471168518,-0.02389032,0.02429846,0.002432826,-0.139807626605034,0.871952891349792,0.707804322242737,-0.22232785820961,0.795994758605957,-0.190368622541428,True
638609675766703929,-25.4486331939697,21.6654472351074,1.82622492313385,-0.02530885,0.02180577,0.00184829,-0.148442804813385,0.859712064266205,0.691504836082458,-0.240225031971931,0.801108241081238,-0.195482105016708,True
638609675767023796,-27.2977886199951,19.4295463562012,2.63785791397095,-0.02711917,0.01971733,0.00242103,-0.158311575651169,0.841350913047791,0.684170067310333,-0.250451982021332,0.798551499843597,-0.191646993160248,True
638609675767363200,-28.1331195831299,16.9771614074707,2.89124274253845,-0.02798058,0.01726316,0.002842717,-0.162834763526917,0.825029850006104,0.672352969646454,-0.267070770263672,0.801108241081238,-0.194203734397888,True
638609675767712031,-28.4616260528564,13.7104187011719,3.56484580039978,-0.02845071,0.01399911,0.00349889,-0.164068356156349,0.802180349826813,0.658090949058533,-0.279854476451874,0.804943382740021,-0.199317201972008,True
638609675768043494,-28.6151466369629,10.1337203979492,3.17875123023987,-0.0286275,0.01059167,0.003252815,-0.165301948785782,0.782187044620514,0.636901617050171,-0.291359812021255,0.810056805610657,-0.205709055066109,True
638609675768374604,-29.0161514282227,6.6459813117981,2.97711825370789,-0.02901244,0.007291444,0.002955195,-0.167769148945808,0.761377692222595,0.617749750614166,-0.295194894075394,0.808778464794159,-0.204430684447289,True
638609675768713447,-29.2235469818115,2.98027634620667,3.34393215179443,-0.0292106,0.003385029,0.003267842,-0.168591544032097,0.736896097660065,0.601042807102203,-0.301586747169495,0.807500123977661,-0.209544166922569,True
638609675769038339,-29.1537704467773,-0.267408698797226,3.36080312728882,-0.02915415,5.769005E-05,0.003363037,-0.168180346488953,0.716494739055634,0.58474338054657,-0.310535341501236,0.808778464794159,-0.22104948759079,True
638609675769367231,-29.129732131958,-3.75607442855835,3.64776015281677,-0.0291294,-0.003500832,0.003645826,-0.167769148945808,0.693237245082855,0.569258868694305,-0.318205565214157,0.811335206031799,-0.236389920115471,True
638609675769716525,-29.1115379333496,-7.64833545684814,3.54033422470093,-0.02911069,-0.007207573,0.003535299,-0.167769148945808,0.668755650520325,0.550107002258301,-0.325875759124756,0.81389194726944,-0.254287093877792,True
638609675770031262,-29.1300621032715,-10.6125135421753,3.64970588684082,-0.02912594,-0.01031248,0.003625383,-0.167769148945808,0.649170339107513,0.537067413330078,-0.328432500362396,0.812613546848297,-0.265792399644852,True
638609675770372519,-28.7179927825928,-13.4469242095947,2.92726898193359,-0.02876144,-0.01298427,0.003186412,-0.166124358773232,0.633665323257446,0.519545495510101,-0.333545982837677,0.81389194726944,-0.278576105833054,True
638609675770712428,-27.9933586120605,-15.6316566467285,3.36442542076111,-0.02804868,-0.01531258,0.003259348,-0.161601170897484,0.618160307407379,0.511803269386292,-0.330989241600037,0.811335206031799,-0.287524700164795,True
638609675771049300,-26.6917419433594,-17.8990631103516,3.8410439491272,-0.02683632,-0.01764105,0.00383809,-0.153788387775421,0.602247297763824,0.503653526306152,-0.332267612218857,0.811335206031799,-0.297751635313034,True
638609675771377834,-25.0019912719727,-20.9572982788086,3.67245435714722,-0.0250805,-0.02074459,0.00371551,-0.144330814480782,0.583478093147278,0.488169014453888,-0.334824353456497,0.81644868850708,-0.313092082738876,True
638609675771686782,-23.2530612945557,-24.3306484222412,4.61115598678589,-0.02344828,-0.0239118,0.004448703,-0.133639633655548,0.558588445186615,0.478796809911728,-0.328432500362396,0.81644868850708,-0.324597418308258,True
638609675772026057,-20.1441650390625,-28.2492275238037,4.59004163742065,-0.02052345,-0.02784551,0.004748661,-0.115958087146282,0.533698797225952,0.460867404937744,-0.322040677070618,0.81900542974472,-0.343772947788239,True
638609675772425497,-16.5118865966797,-30.4934101104736,4.20856380462646,-0.01688305,-0.03035203,0.004342237,-0.0953981429338455,0.521049976348877,0.447420358657837,-0.302865117788315,0.81644868850708,-0.36678358912468,True
638609675772705493,-13.3578758239746,-31.5760841369629,4.09923982620239,-0.01385169,-0.03141087,0.00402884,-0.0773053914308548,0.514929592609406,0.440900564193726,-0.291359812021255,0.81644868850708,-0.392350971698761,True
638609675773044447,-8.84347152709961,-33.1173095703125,4.93963527679443,-0.009336577,-0.03292668,0.004808603,-0.0509886629879475,0.502688765525818,0.438863128423691,-0.269627511501312,0.81644868850708,-0.417918354272842,True
638609675773376177,-4.84487199783325,-34.1800003051758,4.87408542633057,-0.0053449,-0.03403863,0.00490616,-0.0279615242034197,0.496160358190536,0.4335657954216,-0.247895240783691,0.81644868850708,-0.438372284173965,True
638609675773709146,-1.7031182050705,-34.6862716674805,4.22088479995728,-0.001987529,-0.03466376,0.004267301,-0.00986877363175154,0.494936287403107,0.427046030759811,-0.22360622882843,0.81644868850708,-0.457547813653946,True
638609675774025007,1.13433027267456,-35.1787452697754,4.05955028533936,0.0005670836,-0.0351308,0.004036633,0.00657918211072683,0.492080092430115,0.424193620681763,-0.200595572590828,0.815170288085938,-0.478001713752747,True
638609675774383797,3.67952442169189,-35.6191139221191,3.70616126060486,0.003539045,-0.03559692,0.003758718,0.0213823430240154,0.490039974451065,0.4205262362957,-0.181420043110847,0.815170288085938,-0.493342161178589,True
638609675774716556,6.15630531311035,-35.9036064147949,3.66394352912903,0.006013948,-0.03585555,0.003643444,0.0357743017375469,0.487999826669693,0.419711261987686,-0.162244498729706,0.81389194726944,-0.49973401427269,True
638609675775045446,9.0488109588623,-36.018009185791,3.41247820854187,0.008836919,-0.03601801,0.00342351,0.0526334568858147,0.487591803073883,0.418488800525665,-0.140512213110924,0.81389194726944,-0.504847466945648,True
638609675775389094,12.1313247680664,-34.145580291748,2.88907194137573,0.01178461,-0.03428877,0.002991847,0.0707262083888054,0.50146472454071,0.422971159219742,-0.112388096749783,0.806221723556519,-0.49973401427269,True
638609675775713498,15.6670923233032,-31.6117515563965,2.79916429519653,0.01530919,-0.031822,0.002764071,0.0912861526012421,0.518193781375885,0.4335657954216,-0.0868207067251205,0.80238664150238,-0.497177273035049,True
638609675776033735,19.015172958374,-29.5047740936279,3.50036859512329,0.01857658,-0.02981023,0.003412295,0.110201299190521,0.52921050786972,0.448235332965851,-0.0612533204257488,0.801108241081238,-0.497177273035049,True
638609675776377299,22.2900371551514,-27.6769790649414,2.77363085746765,0.02208611,-0.02777019,0.002856696,0.129527643322945,0.542675375938416,0.453125149011612,-0.036964301019907,0.803664982318878,-0.50101238489151,True
638609675776706323,24.2429141998291,-26.4681339263916,1.89105093479156,0.02410691,-0.02651445,0.001939212,0.141452416777611,0.552876055240631,0.453940123319626,-0.0113969156518579,0.804943382740021,-0.502290725708008,True
638609675777046347,25.8506183624268,-26.3517112731934,1.64590334892273,0.02564089,-0.02635171,0.001677663,0.15090999007225,0.553692102432251,0.454347610473633,0.00777862500399351,0.80238664150238,-0.49973401427269,True
638609675777366425,27.6529407501221,-26.3008518218994,1.71660733222961,0.02737318,-0.02630085,0.001761861,0.161189958453178,0.552876055240631,0.456792533397675,0.021840687841177,0.79982990026474,-0.49845564365387,True
638609675777710855,29.9107055664063,-25.9956455230713,1.46533870697021,0.0297012,-0.02599565,0.001502107,0.174348324537277,0.554508149623871,0.458829969167709,0.0320676416158676,0.798551499843597,-0.49973401427269,True
638609675778040747,31.8303089141846,-25.5886135101318,1.70121109485626,0.03169045,-0.02558861,0.001727331,0.185039505362511,0.555324256420135,0.4641273021698,0.0435729660093784,0.7972731590271,-0.50101238489151,True
638609675778360867,33.5278854370117,-24.5014495849609,1.8532737493515,0.03338415,-0.0245722,0.001861679,0.19449707865715,0.561036586761475,0.471462070941925,0.0550782904028893,0.793438017368317,-0.502290725708008,True
638609675778719245,35.724178314209,-22.2869338989258,1.20593464374542,0.035587,-0.02240323,0.001246082,0.207655444741249,0.576541602611542,0.479204297065735,0.06786198168993,0.793438017368317,-0.507404208183289,True
638609675779038603,37.5386161804199,-19.8541736602783,1.49165344238281,0.03730367,-0.02016352,0.001422196,0.217524215579033,0.590414524078369,0.493466347455978,0.0844807848334312,0.790881276130676,-0.509960949420929,True
638609675779387554,39.2668724060059,-17.3934516906738,1.66448962688446,0.03918577,-0.01760691,0.00163208,0.226981788873672,0.604695439338684,0.507320880889893,0.102377958595753,0.792159676551819,-0.512517690658569,True
638609675779706540,40.1565933227539,-15.0638217926025,1.06285345554352,0.04010883,-0.01538298,0.001171936,0.232738569378853,0.621424555778503,0.515063107013702,0.118996754288673,0.792159676551819,-0.513796091079712,True
638609675780027260,40.2551307678223,-13.0322494506836,0.549888074398041,0.0401863,-0.01321765,0.0005690284,0.233972162008286,0.636521518230438,0.521175444126129,0.131780445575714,0.792159676551819,-0.513796091079712,True
638609675780357323,40.2901573181152,-11.3561773300171,0.0825264230370522,0.04022196,-0.0115408,0.0001035469,0.234794571995735,0.649170339107513,0.526065289974213,0.140729039907455,0.790881276130676,-0.512517690658569,True
638609675780702712,40.9135208129883,-9.65054512023926,-0.367395758628845,0.0408381,-0.009791551,-0.0003766896,0.238906562328339,0.661411166191101,0.532177567481995,0.148399248719215,0.788324534893036,-0.509960949420929,True
638609675781041565,42.036434173584,-7.250412940979,0.0213639214634895,0.0417861,-0.007547273,-9.846238E-05,0.244663342833519,0.674467980861664,0.54725456237793,0.163739681243896,0.783211052417755,-0.504847466945648,True
638609675781371088,43.187931060791,-5.5887598991394,0.491703867912292,0.04309279,-0.005717434,0.000408764,0.250420123338699,0.68222051858902,0.559479176998138,0.170131534337997,0.785767793655396,-0.506125867366791,True
638609675781700549,43.5191383361816,-4.31785106658936,0.916528522968292,0.04350493,-0.004418345,0.0008612716,0.251653730869293,0.688340902328491,0.568443894386292,0.180358484387398,0.787046194076538,-0.506125867366791,True
638609675782038954,43.2962799072266,-3.23795366287231,0.337331622838974,0.04331366,-0.003321372,0.0004050184,0.251242518424988,0.697725534439087,0.570073843002319,0.184193596243858,0.789602935314178,-0.507404208183289,True
638609675782382223,42.9824142456055,-2.15333652496338,-0.311756908893585,0.04299118,-0.002194695,-0.0002775042,0.250420123338699,0.70751816034317,0.571296274662018,0.188028708100319,0.788324534893036,-0.506125867366791,True
638609675782713619,42.657096862793,-0.858906269073486,-0.722541391849518,0.04273243,-0.0009704512,-0.0007149726,0.249186530709267,0.717718839645386,0.574963688850403,0.189307063817978,0.787046194076538,-0.504847466945648,True
638609675783055122,42.4967994689941,1.02059376239777,-1.06466484069824,0.04250794,0.0007283314,-0.001020807,0.248775333166122,0.731183707714081,0.582298457622528,0.190585434436798,0.785767793655396,-0.504847466945648,True
638609675783376830,42.5899620056152,3.29216837882996,-1.27383577823639,0.04252431,0.003041248,-0.001244339,0.249597728252411,0.746280670166016,0.592893064022064,0.190585434436798,0.784489452838898,-0.50356912612915,True
638609675783696849,42.7578811645508,6.11741399765015,-1.47541010379791,0.04270269,0.005828032,-0.001405371,0.250831335783005,0.764641880989075,0.606747627258301,0.191863805055618,0.783211052417755,-0.50101238489151,True
638609675784038295,42.7522201538086,9.25855731964111,-1.78239452838898,0.0427546,0.008869403,-0.001773119,0.251242518424988,0.785451233386993,0.621824622154236,0.193142175674438,0.781932711601257,-0.50101238489151,True
638609675784389215,42.5947151184082,12.1194734573364,-1.82746374607086,0.04259132,0.01190921,-0.001840738,0.250420123338699,0.80340439081192,0.636901617050171,0.196977287530899,0.780654311180115,-0.49845564365387,True
638609675784975561,41.4725036621094,16.4815788269043,-1.65418422222137,0.04153902,0.01627145,-0.001679369,0.243840947747231,0.830334186553955,0.660535871982574,0.199534028768539,0.781932711601257,-0.49973401427269,True
638609675785095155,41.1936531066895,17.0785446166992,-1.60487377643585,0.04117251,0.01694162,-0.001690472,0.242196142673492,0.834006428718567,0.66379576921463,0.198255658149719,0.783211052417755,-0.50101238489151,True
638609675785375489,40.0710334777832,19.1142024993896,-1.44030392169952,0.04014839,0.01893813,-0.001420511,0.235616967082024,0.846655249595642,0.674797892570496,0.199534028768539,0.781932711601257,-0.49973401427269,True
638609675785697191,38.8750228881836,21.6360702514648,-1.28580105304718,0.03902132,0.02139078,-0.001279655,0.228626579046249,0.862160265445709,0.688652455806732,0.195698916912079,0.781932711601257,-0.50101238489151,True
638609675786047870,37.6793670654297,24.4680461883545,-1.13739895820618,0.03781736,0.02411859,-0.001166298,0.221636205911636,0.879297375679016,0.704544425010681,0.193142175674438,0.783211052417755,-0.502290725708008,True
638609675786377199,36.4925575256348,27.4448585510254,-0.624777734279633,0.0366232,0.02712901,-0.0006881886,0.214234620332718,0.895210385322571,0.723288834095001,0.191863805055618,0.780654311180115,-0.49973401427269,True
638609675786721274,35.4129028320313,30.2038516998291,-0.613391637802124,0.03555372,0.02985433,-0.0006289812,0.208066642284393,0.91193950176239,0.738773286342621,0.186750337481499,0.784489452838898,-0.502290725708008,True
638609675787041783,33.1853866577148,31.7580986022949,-0.61298531293869,0.03362603,0.03151997,-0.0005611119,0.195319473743439,0.922956228256226,0.746108055114746,0.179080113768578,0.789602935314178,-0.506125867366791,True
638609675787385863,30.5993366241455,32.8597640991211,-1.07461607456207,0.03089825,0.03276262,-0.0009961757,0.180927515029907,0.933972954750061,0.748552978038788,0.170131534337997,0.788324534893036,-0.502290725708008,True
638609675787716567,28.4004135131836,33.6715240478516,-1.07634389400482,0.02860746,0.03360235,-0.001107317,0.168180346488953,0.94050133228302,0.751812875270844,0.158626213669777,0.788324534893036,-0.492063790559769,True
638609675788157861,25.8287868499756,34.246150970459,-0.357204765081406,0.02609293,0.03417157,-0.0004780267,0.152554795145988,0.942133486270905,0.756702721118927,0.143285781145096,0.787046194076538,-0.471609890460968,True
638609675788503392,23.8158721923828,35.0776329040527,-0.116614490747452,0.02394935,0.03497088,-0.0001704391,0.140630021691322,0.947029769420624,0.76159256696701,0.130502074956894,0.788324534893036,-0.456269443035126,True
638609675788852820,21.4805488586426,36.4749412536621,-0.20305210351944,0.02169434,0.03637445,-0.0001802411,0.127060458064079,0.956822395324707,0.768519818782806,0.117718391120434,0.788324534893036,-0.443485766649246,True
638609675789192068,19.459867477417,36.4307708740234,-0.0806930735707283,0.01966226,0.03646209,-0.0001490181,0.115135692059994,0.957230448722839,0.767704844474792,0.0998212173581123,0.793438017368317,-0.439650654792786,True
638609675789541255,17.0265331268311,36.0415420532227,0.086211696267128,0.01709526,0.03611057,7.397847E-05,0.100743725895882,0.9555983543396,0.764852464199066,0.0844807848334312,0.793438017368317,-0.428145319223404,True
638609675789850222,15.0497732162476,35.8726768493652,-0.13546359539032,0.01526082,0.0359102,-0.0001150139,0.0892301574349403,0.956822395324707,0.762000024318695,0.0716970935463905,0.792159676551819,-0.416639983654022,True
638609675790199069,12.7446479797363,35.6792221069336,-0.226557940244675,0.0130242,0.03571665,-0.0002084699,0.0756605938076973,0.957230448722839,0.759555101394653,0.0550782904028893,0.790881276130676,-0.402577936649323,True
638609675790517318,11.0764398574829,35.7044334411621,-0.237103074789047,0.01121469,0.03570443,-0.0002462692,0.0657918229699135,0.958046495914459,0.759147644042969,0.0422945953905582,0.788324534893036,-0.391072601079941,True
638609675790896025,9.56859302520752,35.9291305541992,0.0920732095837593,0.009704853,0.03589164,4.487786E-05,0.0567454472184181,0.958046495914459,0.76159256696701,0.0256757959723473,0.787046194076538,-0.377010554075241,True
638609675791185768,8.46110057830811,36.2418441772461,0.169652312994003,0.008669252,0.03617305,0.0001643777,0.0501662641763687,0.959678590297699,0.763629972934723,0.0141704715788364,0.788324534893036,-0.36678358912468,True
638609675791515098,7.34908628463745,36.6169204711914,0.150195583701134,0.007487658,0.03661692,0.0001440947,0.0435870811343193,0.962126791477203,0.76566743850708,0.00394351687282324,0.788324534893036,-0.356556624174118,True
638609675791845771,6.37980556488037,36.8609275817871,0.212292388081551,0.006449118,0.03686093,0.0002096548,0.0378302969038486,0.963350832462311,0.767297387123108,-0.00372669915668666,0.788324534893036,-0.347608059644699,True
638609675792171184,6.03282880783081,36.998477935791,0.213874742388725,0.006032829,0.03699848,0.0002138748,0.0357743017375469,0.964166879653931,0.768112361431122,-0.0113969156518579,0.788324534893036,-0.341216206550598,True
638609675792510053,5.82294988632202,37.1669921875,0.165190681815147,0.00582295,0.03716699,0.0001651907,0.0345407053828239,0.965390980243683,0.768927335739136,-0.0152320228517056,0.788324534893036,-0.336102724075317,True
638609675792852347,3.18401122093201,37.4210929870605,-0.0387955792248249,0.003393326,0.03742805,4.098113E-05,0.0189151484519243,0.968247175216675,0.76933479309082,-0.0177887622267008,0.784489452838898,-0.330989241600037,True
638609675793162608,0.34441402554512,37.6622047424316,-0.83323061466217,0.0007582928,0.03763874,-0.0007055046,0.0020559944678098,0.973959565162659,0.767297387123108,-0.0280157160013914,0.785767793655396,-0.325875759124756,True
638609675793511821,-2.75242209434509,37.6479187011719,-1.02380049228668,-0.002339588,0.03764792,-0.001017519,-0.0164479557424784,0.974775612354279,0.766482412815094,-0.0446345172822475,0.784489452838898,-0.313092082738876,True
638609675793840715,-4.96283578872681,37.5703811645508,-0.771392524242401,-0.004617208,0.03753267,-0.0008006482,-0.029606319963932,0.972735464572906,0.767297387123108,-0.0638100579380989,0.785767793655396,-0.299030005931854,True
638609675794167856,-6.97893714904785,37.4001884460449,-0.405340492725372,-0.006768374,0.03739322,-0.0004807524,-0.0415310896933079,0.969471216201782,0.768112361431122,-0.08298559486866,0.785767793655396,-0.287524700164795,True
638609675794521625,-8.53101825714111,37.1428184509277,0.178478240966797,-0.008457519,0.03713602,9.831328E-05,-0.0505774617195129,0.964574933052063,0.76933479309082,-0.100882768630981,0.787046194076538,-0.278576105833054,True
638609675794850344,-9.11120223999023,36.9387054443359,0.628766298294067,-0.009039335,0.03696986,0.0005879553,-0.0538670532405376,0.960902690887451,0.770149767398834,-0.113666459918022,0.787046194076538,-0.270905882120132,True
638609675795169295,-9.2129602432251,36.3243103027344,1.21902453899384,-0.009205732,0.03641859,0.001085974,-0.0542782545089722,0.954374253749847,0.768927335739136,-0.122615046799183,0.788324534893036,-0.268349140882492,True
638609675795518143,-9.6498556137085,35.302906036377,1.5225830078125,-0.009647069,0.03540403,0.001473535,-0.0567454472184181,0.947029769420624,0.764037489891052,-0.129006892442703,0.789602935314178,-0.268349140882492,True
638609675795847358,-11.0838680267334,34.6080360412598,0.936703503131866,-0.01087756,0.03464538,0.0009896382,-0.0653806254267693,0.945805728435516,0.757517695426941,-0.136677116155624,0.790881276130676,-0.269627511501312,True
638609675796176434,-13.1737575531006,34.1237869262695,0.81883031129837,-0.01282592,0.03412379,0.000845558,-0.077716588973999,0.942949533462524,0.754665315151215,-0.145625695586205,0.790881276130676,-0.268349140882492,True
638609675796506140,-15.0036563873291,33.4787902832031,0.917342483997345,-0.01479484,0.03347879,0.0009357222,-0.0884077623486519,0.93805319070816,0.751812875270844,-0.159687757492065,0.790881276130676,-0.265792399644852,True
638609675796854958,-16.1643524169922,32.2917060852051,2.0544605255127,-0.01600793,0.03242255,0.001894541,-0.0945757478475571,0.924996316432953,0.750182926654816,-0.173749819397926,0.793438017368317,-0.264514058828354,True
638609675797174344,-16.8207950592041,30.9353199005127,2.97787690162659,-0.01673327,0.03113847,0.002810145,-0.0978653356432915,0.912347495555878,0.746515572071075,-0.183976769447327,0.795994758605957,-0.260678946971893,True
638609675797515544,-17.9365520477295,29.4551887512207,2.75791645050049,-0.01772466,0.02966564,0.002772192,-0.104444518685341,0.904595017433167,0.737143337726593,-0.195482105016708,0.79982990026474,-0.260678946971893,True
638609675797853801,-19.456859588623,27.7289581298828,2.35314583778381,-0.01917996,0.02797524,0.002419643,-0.113490894436836,0.896026432514191,0.725733757019043,-0.206987425684929,0.801108241081238,-0.260678946971893,True
638609675798182625,-21.0367965698242,25.4263210296631,3.047523021698,-0.0207997,0.02581074,0.002862256,-0.122126072645187,0.878481328487396,0.716361522674561,-0.217214375734329,0.79982990026474,-0.256843835115433,True
638609675798512802,-22.0953674316406,23.3842487335205,2.92846322059631,-0.02201962,0.02356027,0.002896175,-0.128294050693512,0.866648554801941,0.704544425010681,-0.23255480825901,0.801108241081238,-0.258122205734253,True
638609675798851720,-23.0583324432373,22.047643661499,2.63028287887573,-0.02291783,0.02218835,0.002650075,-0.134050831198692,0.859712064266205,0.695987224578857,-0.245338499546051,0.80238664150238,-0.260678946971893,True
638609675799162341,-23.5462055206299,20.9148006439209,3.0540566444397,-0.02353507,0.02098653,0.002972981,-0.136518031358719,0.850735485553741,0.691912353038788,-0.254287093877792,0.801108241081238,-0.259400576353073,True
638609675799516701,-24.0711498260498,19.7101898193359,3.21133017539978,-0.02399517,0.01981702,0.003182375,-0.13939642906189,0.842574954032898,0.68620753288269,-0.263235688209534,0.803664982318878,-0.260678946971893,True
638609675799855560,-24.7034072875977,19.0869693756104,2.60574793815613,-0.02456881,0.01912115,0.002667819,-0.143508419394493,0.841350913047791,0.680095255374908,-0.272184252738953,0.804943382740021,-0.264514058828354,True
638609675800184438,-25.3939037322998,18.3705368041992,2.90427255630493,-0.02524156,0.01851409,0.002847158,-0.147209197282791,0.835230469703674,0.678057789802551,-0.274740993976593,0.803664982318878,-0.260678946971893,True
638609675800515126,-25.3971405029297,15.924521446228,3.90233135223389,-0.02538063,0.01617818,0.003790366,-0.146386802196503,0.816053211688995,0.669500589370728,-0.282411217689514,0.804943382740021,-0.261957317590714,True
638609675800843994,-25.3689022064209,12.9107933044434,3.71080756187439,-0.02537251,0.01333635,0.003735237,-0.146386802196503,0.798916101455688,0.651978671550751,-0.291359812021255,0.810056805610657,-0.267070770263672,True
638609675801182870,-26.0547790527344,9.96572113037109,2.98848557472229,-0.02592672,0.01056345,0.003094895,-0.15090999007225,0.783819139003754,0.632826805114746,-0.300308376550674,0.811335206031799,-0.270905882120132,True
638609675801521768,-26.8196067810059,6.85894727706909,3.73089647293091,-0.02681109,0.007150699,0.003676262,-0.15461078286171,0.760969638824463,0.621009647846222,-0.304143488407135,0.808778464794159,-0.267070770263672,True
638609675801840650,-27.0386848449707,4.05505275726318,3.74108743667603,-0.02696011,0.00434817,0.003702329,-0.155844375491142,0.743424475193024,0.606747627258301,-0.315648823976517,0.811335206031799,-0.270905882120132,True
638609675802171842,-27.2290267944336,2.12825036048889,3.56914806365967,-0.02722867,0.00245261,0.003566903,-0.157077983021736,0.731999754905701,0.59615296125412,-0.322040677070618,0.811335206031799,-0.272184252738953,True
638609675802520545,-27.5503330230713,0.147976368665695,3.76510286331177,-0.02746847,0.0005549674,0.003706966,-0.158722773194313,0.718534886837006,0.587595760822296,-0.325875759124756,0.812613546848297,-0.272184252738953,True
638609675802849442,-27.2423515319824,-2.89304161071777,5.50355625152588,-0.02720628,-0.002528565,0.005273311,-0.155433177947998,0.692421197891235,0.582298457622528,-0.328432500362396,0.812613546848297,-0.270905882120132,True
638609675803365393,-26.7599716186523,-7.20539093017578,4.75138664245605,-0.02680269,-0.006775382,0.005027735,-0.153377190232277,0.668347597122192,0.557034254074097,-0.337381094694138,0.817727029323578,-0.279854476451874,True
638609675803542135,-26.7302360534668,-8.53327655792236,4.5590353012085,-0.02661324,-0.008147154,0.004272351,-0.153377190232277,0.660595118999481,0.549699485301971,-0.336102724075317,0.81644868850708,-0.278576105833054,True
638609675803866313,-26.6968727111816,-10.7241830825806,4.81479835510254,-0.02669399,-0.01060928,0.004796087,-0.152965992689133,0.645498096942902,0.541142284870148,-0.338659465312958,0.81644868850708,-0.284967958927155,True
638609675804189846,-26.4519901275635,-12.897403717041,5.12062215805054,-0.02644674,-0.01266644,0.005086164,-0.151321187615395,0.630401134490967,0.532992541790009,-0.339937835931778,0.817727029323578,-0.290081441402435,True
638609675804530277,-25.5961647033691,-14.8311986923218,6.24709749221802,-0.02559617,-0.0148312,0.006247098,-0.145564407110214,0.61408007144928,0.530547618865967,-0.338659465312958,0.81644868850708,-0.292638182640076,True
638609675804850301,-24.0352363586426,-17.1381912231445,7.1491527557373,-0.02410547,-0.01702096,0.007125236,-0.136106833815575,0.596534907817841,0.524842798709869,-0.336102724075317,0.817727029323578,-0.297751635313034,True
638609675805139259,-22.7522583007813,-19.05641746521,8.02054786682129,-0.02295435,-0.01887464,0.007873666,-0.128294050693512,0.581437945365906,0.521175444126129,-0.327154129743576,0.817727029323578,-0.300308376550674,True
638609675805523526,-21.0720119476318,-21.2617511749268,8.75248718261719,-0.02129479,-0.02111626,0.008762321,-0.118425279855728,0.565116882324219,0.515470623970032,-0.313092082738876,0.81644868850708,-0.304143488407135,True
638609675805884109,-19.5442295074463,-22.6221218109131,8.94866752624512,-0.01961919,-0.02254937,0.008959183,-0.109790101647377,0.556140303611755,0.510173320770264,-0.304143488407135,0.817727029323578,-0.310535341501236,True
638609675806193082,-18.3784828186035,-23.3627624511719,9.08448600769043,-0.01845341,-0.02329001,0.009095795,-0.103210918605328,0.551243960857391,0.507320880889893,-0.296473264694214,0.817727029323578,-0.314370453357697,True
638609675806521985,-17.4905071258545,-23.9909648895264,9.04902362823486,-0.01756535,-0.02391826,0.009060962,-0.0982765331864357,0.54757171869278,0.504060983657837,-0.288803070783615,0.81644868850708,-0.319483935832977,True
638609675806871459,-16.6725959777832,-24.4531402587891,8.96333694458008,-0.01682025,-0.02438051,0.008968906,-0.093753345310688,0.54512357711792,0.501208603382111,-0.284967958927155,0.817727029323578,-0.324597418308258,True
638609675807192383,-16.0753192901611,-24.7230663299561,8.86399936676025,-0.01615252,-0.02469704,0.008904881,-0.0904637575149536,0.543899476528168,0.499171167612076,-0.279854476451874,0.817727029323578,-0.327154129743576,True
638609675807521234,-15.2562427520752,-25.0185146331787,8.73358821868896,-0.01533318,-0.02499261,0.008774889,-0.0859405696392059,0.542675375938416,0.496726244688034,-0.276019364595413,0.817727029323578,-0.329710870981216,True
638609675807861220,-14.1469039916992,-25.1943454742432,8.61409091949463,-0.01421967,-0.02519435,0.008608258,-0.0797725841403008,0.542267382144928,0.494688808917999,-0.268349140882492,0.817727029323578,-0.333545982837677,True
638609675808190131,-12.8994197845459,-25.7009620666504,8.57009506225586,-0.01311913,-0.02562861,0.008573929,-0.0727822035551071,0.539411187171936,0.491836398839951,-0.263235688209534,0.817727029323578,-0.336102724075317,True
638609675808531385,-11.2338266372681,-26.5561256408691,8.81340312957764,-0.0114501,-0.02639006,0.00876437,-0.0633246302604675,0.533290803432465,0.489391475915909,-0.254287093877792,0.81644868850708,-0.339937835931778,True
638609675808864655,-8.82032203674316,-27.8764266967773,8.77855205535889,-0.009040942,-0.02773175,0.0088091,-0.0497550666332245,0.525130271911621,0.483279168605804,-0.249173611402512,0.820283770561218,-0.348886430263519,True
638609675809203519,-5.61706209182739,-29.1190509796143,8.99600791931152,-0.006126388,-0.0289521,0.008946632,-0.0316623151302338,0.516561686992645,0.479204297065735,-0.238946661353111,0.820283770561218,-0.357834994792938,True
638609675809542376,-1.97457087039948,-30.3101463317871,9.49398803710938,-0.00233882,-0.03011999,0.009383696,-0.0111023699864745,0.507177114486694,0.477574348449707,-0.217214375734329,0.817727029323578,-0.364226847887039,True
638609675809872232,1.16804921627045,-31.0845832824707,9.18457984924316,0.0008033558,-0.0309874,0.009257102,0.00657918211072683,0.50309681892395,0.472684532403946,-0.203152313828468,0.820283770561218,-0.379567295312881,True
638609675810182717,3.71964478492737,-31.591215133667,8.99366855621338,0.003356852,-0.03154197,0.009097805,0.0209711436182261,0.500240623950958,0.469832122325897,-0.183976769447327,0.81900542974472,-0.391072601079941,True
638609675810517441,5.95800876617432,-32.1012840270996,8.28253936767578,0.005670593,-0.03205264,0.008389231,0.0337183102965355,0.499016553163528,0.463719815015793,-0.167357981204987,0.820283770561218,-0.405134677886963,True
638609675810847113,7.81579160690308,-32.4396018981934,7.52805376052856,0.007673271,-0.03241557,0.007583109,0.0444094799458981,0.499016553163528,0.458014994859695,-0.150739178061485,0.81900542974472,-0.416639983654022,True
638609675811195793,10.813850402832,-31.6533679962158,6.74991750717163,0.01038649,-0.03179616,0.006855005,0.06167983263731,0.50636100769043,0.456792533397675,-0.130285263061523,0.815170288085938,-0.424310207366943,True
638609675811517384,14.8695220947266,-30.1579456329346,5.92059469223022,0.01465271,-0.03022928,0.005917099,0.0851181671023369,0.518193781375885,0.458829969167709,-0.112388096749783,0.81389194726944,-0.434537172317505,True
638609675811856221,19.3090629577637,-28.1055679321289,4.85321569442749,0.01896495,-0.02829299,0.005002535,0.11102370172739,0.534106850624084,0.462497353553772,-0.0906558111310005,0.81389194726944,-0.443485766649246,True
638609675812185644,24.0469417572021,-26.102331161499,3.03879833221436,0.02356515,-0.0262414,0.003191973,0.13939642906189,0.551652014255524,0.462497353553772,-0.0625316873192787,0.81389194726944,-0.463939666748047,True
638609675812525495,28.4264354705811,-24.9197025299072,2.91521644592285,0.02799599,-0.02494433,0.002937027,0.164479553699493,0.557772397994995,0.470647096633911,-0.0280157160013914,0.808778464794159,-0.480558454990387,True
638609675812859507,33.1611137390137,-23.7551116943359,1.83581173419952,0.0329567,-0.02380103,0.001905242,0.192441076040268,0.566340923309326,0.473906993865967,0.00138677807990462,0.808778464794159,-0.50101238489151,True
638609675813188405,36.7662925720215,-21.1790237426758,3.35030961036682,0.03605432,-0.02150329,0.003122352,0.210945025086403,0.575725555419922,0.498356193304062,0.0410162284970284,0.795994758605957,-0.506125867366791,True
638609675813528433,41.3688583374023,-17.872875213623,2.11172294616699,0.04088686,-0.01841068,0.002266944,0.238084152340889,0.59816700220108,0.510988295078278,0.06402687728405,0.7972731590271,-0.524022996425629,True
638609675813857343,43.5188064575195,-13.1229228973389,0.915243446826935,0.04338444,-0.01342465,0.0009698857,0.251653730869293,0.631625175476074,0.52769523859024,0.0921510010957718,0.795994758605957,-0.529136478900909,True
638609675814193618,44.3045692443848,-9.27917575836182,1.36457312107086,0.04426089,-0.009764702,0.001197268,0.255354523658752,0.654066681861877,0.548884510993958,0.121553495526314,0.790881276130676,-0.527858138084412,True
638609675814543112,44.7355575561523,-6.18033504486084,2.1546459197998,0.04473189,-0.006510539,0.002140657,0.256588101387024,0.670387744903564,0.568443894386292,0.135615557432175,0.789602935314178,-0.526579737663269,True
638609675814883296,44.4262886047363,-2.71910095214844,0.97589498758316,0.04448281,-0.003154382,0.001191319,0.256588101387024,0.697317481040955,0.577816069126129,0.138172298669815,0.792159676551819,-0.530414879322052,True
638609675815222920,43.8714714050293,0.879998624324799,0.272839993238449,0.04396977,0.0001781087,0.0003659003,0.254532098770142,0.723431169986725,0.590855658054352,0.144564136862755,0.789602935314178,-0.525301396846771,True
638609675815843345,44.3376541137695,4.72354173660278,2.35266017913818,0.04422119,0.004525155,0.00219245,0.254120916128159,0.738120138645172,0.622232139110565,0.149677619338036,0.787046194076538,-0.521466255187988,True
638609675815975187,44.4148216247559,5.87499952316284,2.07362461090088,0.0443321,0.005372346,0.002043271,0.254943311214447,0.746280670166016,0.626714468002319,0.147120878100395,0.790881276130676,-0.525301396846771,True
638609675816194458,44.2840881347656,8.36979389190674,1.28611969947815,0.04436327,0.00772943,0.001589425,0.255354523658752,0.765049934387207,0.635271668434143,0.148399248719215,0.790881276130676,-0.525301396846771,True
638609675816528512,43.396671295166,11.9074153900146,0.728464126586914,0.04344957,0.01151875,0.0006459538,0.251242518424988,0.789939522743225,0.649941205978394,0.153512731194496,0.790881276130676,-0.524022996425629,True
638609675816866050,42.925895690918,15.1979217529297,1.50218284130096,0.04297155,0.01484477,0.001388975,0.247541725635529,0.806668639183044,0.671130537986755,0.157347843050957,0.788324534893036,-0.52018791437149,True
638609675817194975,42.4084854125977,18.8491859436035,1.51155686378479,0.04248483,0.01831258,0.001520114,0.244663342833519,0.828702032566071,0.690689861774445,0.161182940006256,0.788324534893036,-0.51763117313385,True
638609675817543975,40.4245338439941,23.4192314147949,0.951939940452576,0.04058298,0.02313519,0.0009988464,0.234383374452591,0.860120117664337,0.711471676826477,0.166296422481537,0.788324534893036,-0.512517690658569,True
638609675817865221,37.7367706298828,27.1503868103027,0.0860015675425529,0.03789482,0.0268705,0.0001417834,0.220402598381042,0.888681948184967,0.726141214370728,0.165018051862717,0.789602935314178,-0.507404208183289,True
638609675818184139,36.1525955200195,30.5774574279785,-0.191256076097488,0.03639091,0.03005621,-9.311071E-05,0.211767435073853,0.91112345457077,0.743663132190704,0.161182940006256,0.787046194076538,-0.49845564365387,True
638609675818594275,33.9917411804199,32.120044708252,0.184389859437943,0.03433818,0.03212005,0.0001141469,0.199020266532898,0.920100033283234,0.752627849578857,0.150955989956856,0.792159676551819,-0.492063790559769,True
638609675818913737,31.8828277587891,32.514274597168,0.066350907087326,0.03223719,0.03248152,4.311561E-05,0.187095493078232,0.924996316432953,0.752627849578857,0.145842507481575,0.790881276130676,-0.485671937465668,True
638609675819193894,31.0733127593994,32.7945938110352,-0.434711843729019,0.03115826,0.0327295,-0.0003617664,0.182983502745628,0.929892659187317,0.751405417919159,0.138172298669815,0.790881276130676,-0.480558454990387,True
638609675819542922,30.7311496734619,33.3322143554688,-0.743438124656677,0.03073904,0.03329989,-0.0007003907,0.181338712573051,0.934789001941681,0.753035366535187,0.131780445575714,0.789602935314178,-0.475444972515106,True
638609675819852633,30.0891609191895,33.9523048400879,-0.750632643699646,0.03015885,0.03388288,-0.0007587242,0.177637919783592,0.93886923789978,0.756295263767242,0.130502074956894,0.788324534893036,-0.471609890460968,True
638609675820183373,29.2749652862549,35.045841217041,-0.935389578342438,0.02942275,0.03480608,-0.0009019524,0.173114731907845,0.946621775627136,0.76159256696701,0.130502074956894,0.788324534893036,-0.467774778604507,True
638609675820524437,27.9057464599609,36.0597114562988,-0.648795187473297,0.02803076,0.03598424,-0.000748924,0.164890751242638,0.951926112174988,0.768112361431122,0.127945348620415,0.788324534893036,-0.460104554891586,True
638609675820864268,25.9000511169434,36.929313659668,-0.353651702404022,0.02617121,0.03682207,-0.0004294077,0.152965992689133,0.956822395324707,0.77340966463089,0.122831866145134,0.788324534893036,-0.449877589941025,True
638609675821313992,22.4420013427734,38.5239791870117,-0.375700354576111,0.02278981,0.03831668,-0.0004037641,0.13281723856926,0.968247175216675,0.7811518907547,0.110048174858093,0.789602935314178,-0.439650654792786,True
638609675821810606,17.6805858612061,39.3442764282227,-0.350191503763199,0.01816408,0.03934428,-0.0004017791,0.104855716228485,0.975591659545898,0.784004330635071,0.0870375260710716,0.793438017368317,-0.420475095510483,True
638609675821980854,15.8792581558228,39.3747711181641,-0.215630352497101,0.01615578,0.03937477,-0.0002419759,0.0941645428538322,0.975999653339386,0.784004330635071,0.0780889391899109,0.793438017368317,-0.412804901599884,True
638609675822312970,13.0390510559082,39.4052505493164,-0.0167637653648853,0.01352353,0.03940525,-5.499255E-05,0.0773053914308548,0.976407706737518,0.784004330635071,0.0589133985340595,0.794716417789459,-0.394907712936401,True
638609675822646420,11.3221378326416,39.3905296325684,0.320005506277084,0.01145779,0.03942104,0.0002656934,0.0670254155993462,0.975183606147766,0.784819304943085,0.0422945953905582,0.793438017368317,-0.379567295312881,True
638609675822978236,9.47288990020752,39.291675567627,0.864885449409485,0.009609498,0.03932232,0.0008121501,0.0559230484068394,0.972327411174774,0.786041736602783,0.0282325334846973,0.794716417789459,-0.365505218505859,True
638609675823307148,7.38646554946899,39.3301315307617,1.00721859931946,0.007734647,0.03933013,0.0009916743,0.0435870811343193,0.972327411174774,0.786449253559113,0.0141704715788364,0.794716417789459,-0.35272154211998,True
638609675823656018,5.3511209487915,39.9803810119629,0.59950715303421,0.005561017,0.03994999,0.0006378875,0.0316623151302338,0.97844785451889,0.788486659526825,-0.00244832993485034,0.7972731590271,-0.341216206550598,True
638609675823974892,4.02597379684448,41.2116889953613,0.425214499235153,0.004164194,0.04103525,0.0003983986,0.0238495357334614,0.986200332641602,0.795413970947266,-0.0165103934705257,0.795994758605957,-0.329710870981216,True
638609675824313785,2.92726612091064,43.3828506469727,1.12974882125854,0.002995403,0.0430574,0.001040724,0.017270352691412,0.993952870368958,0.812120914459229,-0.020345501601696,0.788324534893036,-0.310535341501236,True
638609675824652633,1.11381828784943,44.4088478088379,0.94189977645874,0.001253107,0.04433982,0.0009495541,0.00657918211072683,1.00048124790192,0.817825734615326,-0.0344075635075569,0.793438017368317,-0.305421859025955,True
638609675824980494,-1.32122337818146,44.5261993408203,0.757111251354218,-0.001043075,0.0445262,0.0007590557,-0.00781277846544981,1.00211334228516,0.817825734615326,-0.0471912585198879,0.795994758605957,-0.299030005931854,True
638609675825319316,-3.32767963409424,43.8351249694824,0.224524065852165,-0.002982407,0.04391397,0.0003057952,-0.0197375472635031,1.00129735469818,0.811305940151215,-0.0650884285569191,0.7972731590271,-0.291359812021255,True
638609675825637370,-4.71192359924316,43.3734436035156,0.120617531239986,-0.004573149,0.04344216,0.0001162048,-0.0279615242034197,0.999257206916809,0.808046042919159,-0.0804288610816002,0.795994758605957,-0.282411217689514,True
638609675825967488,-5.89135789871216,43.2752685546875,0.137481227517128,-0.005820496,0.04330473,9.417194E-05,-0.0349519066512585,0.998441159725189,0.80763852596283,-0.0970476642251015,0.794716417789459,-0.276019364595413,True
638609675826298153,-6.8627290725708,43.3145446777344,0.138294190168381,-0.006724163,0.04331455,0.0001438811,-0.0407086908817291,0.998441159725189,0.808046042919159,-0.112388096749783,0.793438017368317,-0.270905882120132,True
638609675826618075,-7.34966802597046,43.2850646972656,0.163532018661499,-0.007211081,0.04328507,0.0001695194,-0.0435870811343193,0.998033106327057,0.808046042919159,-0.123893417418003,0.795994758605957,-0.269627511501312,True
638609675826960963,-7.56573104858398,43.1669616699219,0.33696460723877,-0.007565731,0.04316697,0.0003369646,-0.0448206774890423,0.996401011943817,0.808046042919159,-0.131563633680344,0.795994758605957,-0.268349140882492,True
638609675827282931,-8.19034671783447,43.0981140136719,0.315922349691391,-0.008120991,0.04309811,0.0003192759,-0.0485214702785015,0.995992958545685,0.80763852596283,-0.135398745536804,0.795994758605957,-0.268349140882492,True
638609675827621796,-9.02250671386719,43.0981140136719,0.273454815149307,-0.008883828,0.04309811,0.0002808179,-0.0534558556973934,0.995992958545685,0.80763852596283,-0.140512213110924,0.7972731590271,-0.268349140882492,True
638609675827972681,-9.37125968933105,43.1373901367188,0.292041420936584,-0.00937126,0.04313739,0.0002920414,-0.0555118508636951,0.995992958545685,0.808046042919159,-0.146904066205025,0.7972731590271,-0.268349140882492,True
638609675828276572,-9.4406042098999,43.1373901367188,0.288173705339432,-0.009440605,0.04313739,0.0002881737,-0.0559230484068394,0.995992958545685,0.808046042919159,-0.149460807442665,0.798551499843597,-0.269627511501312,True
638609675828616500,-9.51251792907715,43.1077995300293,0.329865574836731,-0.009512519,0.0431078,0.0003298656,-0.0563342496752739,0.995584964752197,0.808046042919159,-0.152017548680305,0.798551499843597,-0.269627511501312,True
638609675828954131,-9.94521141052246,42.8608703613281,0.587130129337311,-0.009944741,0.04292987,0.0005791193,-0.0588014423847198,0.992728769779205,0.80763852596283,-0.152017548680305,0.7972731590271,-0.268349140882492,True
638609675829274430,-10.3041887283325,42.2881393432617,0.757755637168884,-0.01023143,0.0423871,0.000708818,-0.0608574375510216,0.988648474216461,0.804786145687103,-0.154574275016785,0.798551499843597,-0.269627511501312,True
638609675829623263,-10.5974760055542,41.6150207519531,0.982723474502563,-0.01052785,0.04161502,0.0009870669,-0.0625022277235985,0.983752191066742,0.801526248455048,-0.157131016254425,0.798551499843597,-0.269627511501312,True
638609675829953155,-10.6689777374268,41.3382949829102,1.00807774066925,-0.01066898,0.0413383,0.001008078,-0.0629134327173233,0.982120096683502,0.79989629983902,-0.162244498729706,0.798551499843597,-0.269627511501312,True
638609675830272512,-10.7357521057129,41.3684959411621,0.958509087562561,-0.01073862,0.0413383,0.001003676,-0.0633246302604675,0.98252809047699,0.79989629983902,-0.163522869348526,0.798551499843597,-0.269627511501312,True
638609675830611379,-10.7357521057129,41.3684959411621,0.958509087562561,-0.01073575,0.0413685,0.0009585092,-0.0633246302604675,0.98252809047699,0.79989629983902,-0.166079610586166,0.798551499843597,-0.269627511501312,True
638609675830943778,-10.7938327789307,41.4891204833984,0.773293077945709,-0.01079672,0.04145899,0.0008185083,-0.0637358278036118,0.984160184860229,0.79989629983902,-0.166079610586166,0.798551499843597,-0.269627511501312,True
638609675831294032,-10.9055948257446,41.8973007202148,0.341744691133499,-0.01091146,0.04183744,0.0004324271,-0.0645582228899002,0.988648474216461,0.800711274147034,-0.166079610586166,0.7972731590271,-0.269627511501312,True
638609675831604848,-11.032377243042,42.4001083374023,0.150278002023697,-0.01103535,0.04237035,0.0001957322,-0.0653806254267693,0.992320716381073,0.803156197071075,-0.166079610586166,0.7972731590271,-0.268349140882492,True
638609675831941089,-11.0338144302368,42.5769386291504,0.172223791480064,-0.01103382,0.04257694,0.0001722238,-0.0653806254267693,0.993136763572693,0.804378688335419,-0.162244498729706,0.7972731590271,-0.268349140882492,True
638609675832285403,-11.1055870056152,42.6160888671875,0.205269813537598,-0.01110559,0.04261609,0.0002052698,-0.0657918229699135,0.993136763572693,0.804786145687103,-0.158409386873245,0.7972731590271,-0.269627511501312,True
638609675832616387,-11.1055870056152,42.6160888671875,0.205269813537598,-0.01110559,0.04261609,0.0002052698,-0.0657918229699135,0.993136763572693,0.804786145687103,-0.155852645635605,0.7972731590271,-0.270905882120132,True
638609675832972202,-11.3135070800781,42.6160888671875,0.191441744565964,-0.0112442,0.04261609,0.0001960796,-0.0670254155993462,0.993136763572693,0.804786145687103,-0.153295919299126,0.7972731590271,-0.274740993976593,True
638609675833272141,-12.0295400619507,42.7228660583496,0.467520326375961,-0.01196012,0.04272287,0.0004724526,-0.0711374059319496,0.991912722587585,0.806823551654816,-0.154574275016785,0.798551499843597,-0.277297735214233,True
638609675833603512,-12.8630037307739,42.6538619995117,0.414024382829666,-0.01272421,0.04265386,0.0004245458,-0.0760717913508415,0.991504669189453,0.806416094303131,-0.160966128110886,0.798551499843597,-0.279854476451874,True
638609675834008011,-13.6262216567993,42.6538619995117,0.354116410017014,-0.01355685,0.04265386,0.0003597053,-0.0805949792265892,0.991504669189453,0.806416094303131,-0.171193078160286,0.79982990026474,-0.278576105833054,True
638609675834293057,-14.192554473877,42.5644187927246,0.44444414973259,-0.01412315,0.04256442,0.0004502659,-0.0838845744729042,0.990280628204346,0.806416094303131,-0.177584931254387,0.798551499843597,-0.277297735214233,True
638609675834641887,-14.7662887573242,42.168327331543,0.609062910079956,-0.01469614,0.04223748,0.0006074072,-0.0871741622686386,0.987016379833221,0.804786145687103,-0.183976769447327,0.79982990026474,-0.277297735214233,True
638609675834978014,-14.7794761657715,41.9398536682129,0.759956896305084,-0.01477553,0.04196993,0.0007147851,-0.0871741622686386,0.984976232051849,0.803971171379089,-0.190368622541428,0.79982990026474,-0.277297735214233,True
638609675835299087,-14.8615694046021,41.7802543640137,0.896857678890228,-0.01486157,0.04178026,0.0008968577,-0.0875853672623634,0.98334413766861,0.803563714027405,-0.194203734397888,0.79982990026474,-0.276019364595413,True
638609675835657893,-14.8892736434937,41.5687065124512,1.21236300468445,-0.01488532,0.04159899,0.001167328,-0.0875853672623634,0.980487942695618,0.803563714027405,-0.195482105016708,0.79982990026474,-0.273462623357773,True
638609675835960857,-14.9761791229248,41.3084602355957,1.40099227428436,-0.01497221,0.04133885,0.001356033,-0.0879965648055077,0.978039801120758,0.802748739719391,-0.196760475635529,0.801108241081238,-0.261957317590714,True
638609675836321638,-14.9302234649658,40.693531036377,0.880090355873108,-0.01494357,0.04084907,0.001031331,-0.0879965648055077,0.977631747722626,0.796636402606964,-0.196760475635529,0.801108241081238,-0.245338499546051,True
638609675836681824,-14.8299713134766,40.0024070739746,1.33773231506348,-0.01482546,0.04010252,0.001286122,-0.0871741622686386,0.971511363983154,0.794191479682922,-0.194203734397888,0.79982990026474,-0.233833178877831,True
638609675836980893,-14.7957725524902,39.6558380126953,1.75284028053284,-0.01479189,0.03968671,0.0017082,-0.0867629647254944,0.967431128025055,0.793784022331238,-0.194203734397888,0.798551499843597,-0.22871969640255,True
638609675837311225,-14.7296886444092,39.6249542236328,1.80353987216949,-0.01472969,0.03962496,0.00180354,-0.0863517671823502,0.967023074626923,0.793784022331238,-0.195482105016708,0.798551499843597,-0.227441340684891,True
638609675837650068,-14.5541019439697,40.0411758422852,1.39983153343201,-0.01455794,0.04001048,0.00144459,-0.0855293720960617,0.971511363983154,0.794598996639252,-0.198038846254349,0.798551499843597,-0.227441340684891,True
638609675837978977,-14.0786361694336,40.5686531066895,0.75517749786377,-0.01408612,0.04050783,0.0008450979,-0.0830621793866158,0.978039801120758,0.795006453990936,-0.198038846254349,0.798551499843597,-0.233833178877831,True
638609675838308308,-13.8515625,40.720401763916,0.547376096248627,-0.01385156,0.0407204,0.0005473761,-0.0818285793066025,0.98007994890213,0.795006453990936,-0.194203734397888,0.7972731590271,-0.236389920115471,True
638609675838647199,-13.8700180053711,40.5686531066895,0.772416174411774,-0.01386633,0.04059904,0.0007274329,-0.0818285793066025,0.978039801120758,0.795006453990936,-0.191646993160248,0.7972731590271,-0.236389920115471,True
638609675838997583,-13.958083152771,40.4164390563965,0.991422057151794,-0.01395808,0.04041644,0.0009914221,-0.0822397768497467,0.975999653339386,0.795006453990936,-0.190368622541428,0.7972731590271,-0.22999806702137,True
638609675839317838,-13.9549570083618,40.3776588439941,0.953490734100342,-0.01395496,0.04037766,0.0009534908,-0.0822397768497467,0.975999653339386,0.794598996639252,-0.190368622541428,0.7972731590271,-0.214657634496689,True
638609675839657313,-13.9612083435059,40.4552383422852,1.02933764457703,-0.01395808,0.04041644,0.0009914221,-0.0822397768497467,0.975999653339386,0.795413970947266,-0.189090251922607,0.7972731590271,-0.194203734397888,True
638609675840022822,-13.9594650268555,40.6631088256836,1.00819277763367,-0.01395947,0.04066311,0.001008193,-0.0822397768497467,0.977223753929138,0.796636402606964,-0.187811881303787,0.7972731590271,-0.177584931254387,True
638609675840317632,-13.940336227417,40.8842353820801,0.776117444038391,-0.01394034,0.04088424,0.0007761175,-0.0822397768497467,0.979671895503998,0.797043919563293,-0.186533510684967,0.798551499843597,-0.171193078160286,True
638609675840611769,-13.7896251678467,41.0442543029785,0.645153284072876,-0.01378963,0.04104426,0.0006451533,-0.0814173817634583,0.981303989887238,0.797451376914978,-0.182698413729668,0.7972731590271,-0.166079610586166,True
638609675840932136,-13.7681341171265,41.1563911437988,0.381773799657822,-0.01377182,0.04112623,0.0004269064,-0.0814173817634583,0.98334413766861,0.797043919563293,-0.177584931254387,0.7972731590271,-0.160966128110886,True
638609675841518707,-13.7225818634033,41.2717056274414,-0.176485449075699,-0.01372627,0.04124171,-0.0001312427,-0.0814173817634583,0.987016379833221,0.795413970947266,-0.166079610586166,0.795994758605957,-0.150739178061485,True
638609675841667943,-13.7194881439209,41.2329063415527,-0.214403584599495,-0.01371949,0.04123291,-0.0002144036,-0.0814173817634583,0.987016379833221,0.795006453990936,-0.162244498729706,0.794716417789459,-0.145625695586205,True
